# Created by Octave 4.0.0, Mon Jun 29 12:07:37 2020 EEST <li9i@spell>
# name: errors
# type: matrix
# rows: 100
# columns: 1
 0.1199355243453726
 0.1820483726925363
 0.2306707610426629
 0.2005
 0.1821003020315998
 0.1686052193735423
 0.1473562350224792
 0.1832484924903899
 0.1805375584192943
 0.1200706875136487
 0.1516431666775663
 0.1178264825919896
 0.1692738904852139
 0.1801468290034591
 0.1813279073943148
 0.0967868792760688
 0.1191963925628662
 0.1207536748923205
 0.1421237840757154
 0.2465780201072277
 0.149006442813725
 0.1859293683095814
 0.1871521306317404
 0.1475780810283172
 0.1827047071095884
 0.1834876835103648
 0.1834710331360253
 0.1474767100256848
 0.1121750863605671
 0.1443819933371241
 0.1389855388160967
 0.1823201853882313
 0.1862149832854499
 0.1231954950475076
 0.1451475456216929
 0.1824573648828698
 0.1839337108851975
 0.207292281573629
 0.2007761190978654
 0.1176108838500958
 0.1131993374538903
 0.1198035475267745
 0.1155183968032823
 0.1837093356364906
 0.09834515748119413
 0.1451203982905229
 0.09990235232466184
 0.1173862853999565
 0.1809997237566926
 0.1594479538909161
 0.182955513718497
 0.1824404012273635
 0.1821149362353324
 0.1889793904107019
 0.1486016487122554
 0.1842108845861168
 0.2008361023322238
 0.1729139959633144
 0.1816881394037652
 0.1822008232692713
 0.185518759159285
 0.1495008361180651
 0.09932753898089358
 0.1850523169268615
 0.1831465260385808
 0.1738365036463871
 0.1825850486759553
 0.1436119772163851
 0.1674961790608964
 0.1441017001981632
 0.1196406703424907
 0.1084601770236451
 0.1575803287215729
 0.1716220265583631
 0.1554429155670977
 0.1739013800980328
 0.1192920785299697
 0.1266358559018739
 0.1411440399025078
 0.1421540713451457
 0.1827665450786889
 0.1398231025260116
 0.1787336006463256
 0.2291944152897318
 0.1849613202807571
 0.1001344096702025
 0.1600214048182293
 0.1194047318995384
 0.1193627244997395
 0.1679512131542953
 0.1821338518782317
 0.1819089057742896
 0.1821486480872125
 0.1199347322505054
 0.101109148943113
 0.1190684257055571
 0.1201281399173414
 0.1407536855645362
 0.1149347641055591
 0.1815485609967767


