# Created by Octave 4.0.0, Mon Jun 29 12:51:52 2020 EEST <li9i@spell>
# name: errors
# type: matrix
# rows: 100
# columns: 1
 0.2596210507643797
 0.2494304311827261
 0.1955882409553318
 0.2123057465072496
 0.2470817880783629
 0.2159144506511773
 0.2436662676695337
 0.2496950339914679
 0.2175065286376496
 0.2046443255993202
 0.2502227008087008
 0.2132518698628459
 0.2276678282059192
 0.2389742454742784
 0.2575018640709216
 0.237069483485326
 0.2042438003955101
 0.2166922472078767
 0.2444501585190746
 0.2372711739761078
 0.2451727758133032
 0.2174604331826843
 0.2112382541113224
 0.205817977834785
 0.2215690637250619
 0.2123647098743113
 0.233783019058272
 0.2395085175938424
 0.2303644503824338
 0.2098014775925116
 0.2416766848498235
 0.2404148497909393
 0.2267841484760357
 0.2208002038042551
 0.2470654164386439
 0.2402958593068147
 0.2294450914707069
 0.2502227008087008
 0.2506729542651132
 0.2322675397036781
 0.2145361974119974
 0.2397734347253694
 0.2390334704596831
 0.218839050445757
 0.2591950038098721
 0.2482438317461294
 0.2438243014959762
 0.2536095424072203
 0.2112382541113224
 0.2346238905141605
 0.2284546344463177
 0.1942042481512696
 0.2435582887113472
 0.2387669365720471
 0.1986883237636285
 0.2370216234861288
 0.2435582887113472
 0.2265723946115245
 0.2549744497003589
 0.2430200403258957
 0.2381708840307742
 0.2290813392662109
 0.2162918629999753
 0.2503858821898733
 0.2270288527918883
 0.2140467472305992
 0.2194761490458605
 0.2090040430230982
 0.2439846306634902
 0.2408191229948314
 0.2317466288859445
 0.2293338614335004
 0.2553806766378381
 0.2419864872260433
 0.2335468475488396
 0.2522618679071426
 0.2348447146520456
 0.2480842598795819
 0.2367913849784233
 0.210534605231541
 0.2508967915299046
 0.2017499690210629
 0.2219472459842647
 0.2338513202870593
 0.228080424412091
 0.244307695335207
 0.2566789823885096
 0.2393849828205595
 0.2161010180448028
 0.202154495374208
 0.2247869435710193
 0.2303306319185526
 0.2518200150901442
 0.2026079958935483
 0.2259658823805039
 0.200994154143847
 0.2525635167636069
 0.2425770186971557
 0.2185148278721614
 0.2348447146520456


