# Created by Octave 4.0.0, Mon Jun 29 12:07:18 2020 EEST <li9i@spell>
# name: errors
# type: matrix
# rows: 100
# columns: 1
 0.05959278479816348
 0.0836065188845979
 0.07290678980726212
 0.08241189234570903
 0.06829736451722851
 0.06839042330619216
 0.06620755243928153
 0.08351389106011607
 0.09778967225632411
 0.06857667241854726
 0.07788099896637365
 0.06934010383609439
 0.05841164267506994
 0.08645206764444875
 0.05597517306806635
 0.07697648991738158
 0.07640104711324484
 0.08641712793190924
 0.06619101147436685
 0.07899569608529376
 0.07197471778339755
 0.05441773607933503
 0.06180226533065188
 0.06602098151345559
 0.08608472570671231
 0.08347700282113635
 0.06499699993076781
 0.07586178220949233
 0.09152797386591835
 0.07672972044781987
 0.08326325720268694
 0.08423330695158761
 0.09087849030436637
 0.0763743412410246
 0.0846563051402615
 0.07238708448335293
 0.06806092858608567
 0.08704625207325502
 0.07173653183699287
 0.0876401734366129
 0.1020149498848103
 0.1065113139530248
 0.0640049998047019
 0.07222741861648345
 0.07793356144819705
 0.07231797840095279
 0.1014789140659286
 0.05633373767113648
 0.06882419632658045
 0.09564627541102021
 0.05896202167497518
 0.06544898776910311
 0.06980866708368234
 0.06549267134573221
 0.06179724912971338
 0.07435892683464958
 0.07536637181130937
 0.07152209448835339
 0.07179561267932565
 0.07640418836686436
 0.07779215898791286
 0.07903195556229073
 0.0658544607448853
 0.1023270247784049
 0.07163413990549533
 0.08578047563402608
 0.06822462898396944
 0.07818394975953229
 0.07035296724375129
 0.07263525314886887
 0.06632563606932453
 0.08054315613383579
 0.08684906447394755
 0.0833405063579528
 0.05616057335889552
 0.07415396145857821
 0.08190054944871142
 0.08420837250535387
 0.06424406587382087
 0.07049794323241573
 0.0683494696394978
 0.1013706565037459
 0.06162807801643373
 0.06618285276413878
 0.08672122000987233
 0.08734689462139174
 0.09020554306692996
 0.08566592087872574
 0.08174227792275016
 0.07333239393337455
 0.07533690994459398
 0.06867874489243529
 0.08425259639916134
 0.1011360469862257
 0.105896931022578
 0.05170812315294408
 0.08539701399932427
 0.07036909833158277
 0.06767547561709397
 0.06054890585303951


