# Created by Octave 4.0.0, Mon Jun 29 12:07:43 2020 EEST <li9i@spell>
# name: errors
# type: matrix
# rows: 100
# columns: 1
 0.02799732130044419
 0.02598499567058028
 0.04955370823661751
 0.02477518920210846
 0.02994678613808714
 0.04840661111873203
 0.03718601887806994
 0.02662423707827453
 0.03585038354049139
 0.04240813601185851
 0.05078287112796881
 0.030938648968568
 0.03822564584150602
 0.02852805636562505
 0.06014914795739465
 0.03014382192092372
 0.02709723233099934
 0.03704753703014816
 0.03181901946949317
 0.0302235007899538
 0.04212327147789478
 0.033728474617158
 0.02801785145224591
 0.02560488234693303
 0.04641863849791267
 0.04481651481318321
 0.04351850181245399
 0.0346770817688028
 0.04633238608144325
 0.02939812919218286
 0.02524915840181837
 0.02770866290530762
 0.03190752262398994
 0.04703073463173192
 0.03942029933930688
 0.03924449005911709
 0.04599913042656491
 0.02760615873315628
 0.02838943465446638
 0.04381244115545158
 0.05790768515491301
 0.04350000000000376
 0.02611972434770589
 0.02651867266663765
 0.04206768355876058
 0.0429511350257472
 0.03300060605504211
 0.03013702042339683
 0.04962358310319957
 0.02536020504649259
 0.03241249758966708
 0.04477331794718761
 0.04965329797707809
 0.04285148772213405
 0.04528454482492358
 0.03920880003265
 0.02699203586245626
 0.02625204753919604
 0.03686475281349585
 0.04124378741096071
 0.0257262511843518
 0.03984532594922687
 0.02602249027284357
 0.04074530647817508
 0.04058423339180296
 0.0507141006032867
 0.04366062299143769
 0.04914325996512647
 0.03991115132391083
 0.0305040980853442
 0.05116453850080353
 0.04007056276121032
 0.03037268509697603
 0.02623451924468905
 0.02524143419063218
 0.05015226814412615
 0.02809127978572902
 0.02726059427085438
 0.0376430604494406
 0.0374994666628812
 0.03181210461444577
 0.03598569160097323
 0.02584975821937504
 0.04519579626469622
 0.05488615490267524
 0.03326093805051834
 0.03777671240328008
 0.04620876540224703
 0.03036906320583561
 0.02973785466371362
 0.0408724846320884
 0.03672941600407129
 0.02475095957735924
 0.04218483139708651
 0.04082707435024229
 0.04388826722485733
 0.04830828086363621
 0.02655597861122826
 0.02800803456153585
 0.02777516876636449


