# Created by Octave 4.0.0, Mon Jun 29 12:53:22 2020 EEST <li9i@spell>
# name: errors
# type: matrix
# rows: 34
# columns: 1
 0.8205015600228914
 0.819501561926516
 0.8124055391243959
 0.8135022188045951
 0.8097017846096173
 0.8119113867904547
 0.8191011964342385
 0.8263006051068822
 0.8171088360799924
 0.7908111531838694
 0.8098084526602564
 0.8344031699364528
 0.8144000982318204
 0.7954190153623443
 0.8100067221943289
 0.8012120817860896
 0.8191017641294646
 0.8138055295953702
 0.8103035542313755
 0.8043015914444029
 0.8150038343468079
 0.8289024128327781
 0.8099045005431204
 0.8255248088337502
 0.78211127724896
 0.8156070867764698
 0.7906171007510521
 0.7972007589058104
 0.07025332732333682
 0.8120015763531491
 0.8157015692028546
 0.8110003020961213
 0.8048067656276259
 0.805705219047264


