# Created by Octave 4.0.0, Mon Jun 29 12:07:14 2020 EEST <li9i@spell>
# name: errors
# type: matrix
# rows: 100
# columns: 1
 0.08284183725630682
 0.08844800732634252
 0.0785420269664565
 0.08851604374349281
 0.07133764784459405
 0.08296915089357065
 0.07890145752773253
 0.08844800732634252
 0.06457305939786893
 0.08100820946052349
 0.07866593926217513
 0.08970089185732454
 0.08180281168761709
 0.08854292744200561
 0.08001006186724449
 0.04870287465848007
 0.07353257781418689
 0.08970089185732454
 0.08041001181445014
 0.07319050484864748
 0.0732695025232209
 0.07935294575502784
 0.08835049518820112
 0.08861201950074649
 0.08393759586740564
 0.06452387155154671
 0.07694738462091899
 0.08288142131986302
 0.08023191384978975
 0.08289004765350719
 0.07715568676384744
 0.09841636042853914
 0.08824058023381431
 0.08623531759087798
 0.08541955279676865
 0.08835049518820112
 0.08854400036140279
 0.08844670711790753
 0.08193900170248893
 0.08296915089357065
 0.09867770771557489
 0.07866593926217513
 0.08292122768024983
 0.09845415176619118
 0.08036977043640085
 0.07866593926217513
 0.0732695025232209
 0.07890145752773253
 0.08844800732634252
 0.08159068574291801
 0.07340980860893273
 0.09727455988078322
 0.08279371956857695
 0.09833920886401522
 0.08611834879977741
 0.09845415176619118
 0.08289004765350719
 0.08854292744200561
 0.08188998717792192
 0.08289004765350719
 0.08835049518820112
 0.07854947485502758
 0.08288142131986302
 0.08499441158099648
 0.07715568676384744
 0.09924162433173157
 0.08279371956857695
 0.09077339918720796
 0.07854947485502758
 0.08284183725630682
 0.09863113098814251
 0.08844670711790753
 0.08023191384978975
 0.08100820946052349
 0.08844800732634252
 0.08541955279676865
 0.09863113098814251
 0.08284183725630682
 0.08851604374349281
 0.08279371956857695
 0.08611834879977741
 0.08844670711790753
 0.08854400036140279
 0.08854400036140279
 0.08283344735069513
 0.0883240057968388
 0.07203283973300587
 0.08279371956857695
 0.08279371956857695
 0.07925181385936819
 0.07715568676384744
 0.09833920886401522
 0.0785420269664565
 0.08284183725630682
 0.07325189417346276
 0.08100820946052349
 0.09924162433173157
 0.08288142131986302
 0.08836543441867095
 0.08202615436554334


