rx = [];
ry = [];
rx = [rx -6.38164];
ry = [ry -1.61786e-05];
rx = [rx -6.37764];
ry = [ry -0.0556726];
rx = [rx -6.32547];
ry = [ry -0.110427];
rx = [rx -6.33136];
ry = [ry -0.165809];
rx = [rx -6.31599];
ry = [ry -0.220576];
rx = [rx -6.30607];
ry = [ry -0.275345];
rx = [rx -6.25917];
ry = [ry -0.328045];
rx = [rx -6.28673];
ry = [ry -0.384528];
rx = [rx -6.31979];
ry = [ry -0.441939];
rx = [rx -6.26978];
ry = [ry -0.493458];
rx = [rx -6.28501];
ry = [ry -0.549883];
rx = [rx -6.34939];
ry = [ry -0.611392];
rx = [rx -6.36422];
ry = [ry -0.668923];
rx = [rx -6.3373];
ry = [ry -0.722061];
rx = [rx -6.40019];
ry = [ry -0.785861];
rx = [rx -6.42844];
ry = [ry -0.846337];
rx = [rx -6.38482];
ry = [ry -0.897344];
rx = [rx -6.53253];
ry = [ry -0.97631];
rx = [rx -6.59207];
ry = [ry -1.0441];
rx = [rx -6.61416];
ry = [ry -1.10685];
rx = [rx -6.61914];
ry = [ry -1.16715];
rx = [rx -6.6827];
ry = [ry -1.23858];
rx = [rx -6.72886];
ry = [ry -1.30798];
rx = [rx -6.82552];
ry = [ry -1.38869];
rx = [rx -6.90272];
ry = [ry -1.46724];
rx = [rx -6.89035];
ry = [ry -1.52757];
rx = [rx -7.00149];
ry = [ry -1.61644];
rx = [rx -7.03955];
ry = [ry -1.69007];
rx = [rx -7.03702];
ry = [ry -1.75454];
rx = [rx -7.80407];
ry = [ry -2.01829];
rx = [rx -7.80379];
ry = [ry -2.09104];
rx = [rx -4.15157];
ry = [ry -1.15134];
rx = [rx -4.09057];
ry = [ry -1.17296];
rx = [rx -4.02847];
ry = [ry -1.1933];
rx = [rx -3.97924];
ry = [ry -1.21659];
rx = [rx -3.83105];
ry = [ry -1.20793];
rx = [rx -3.79826];
ry = [ry -1.23414];
rx = [rx -3.81106];
ry = [ry -1.27518];
rx = [rx -3.75633];
ry = [ry -1.29342];
rx = [rx -3.76019];
ry = [ry -1.33156];
rx = [rx -3.70364];
ry = [ry -1.34803];
rx = [rx -3.69529];
ry = [ry -1.38162];
rx = [rx -3.67206];
ry = [ry -1.40958];
rx = [rx -3.60686];
ry = [ry -1.42079];
rx = [rx -3.49295];
ry = [ry -1.41125];
rx = [rx -3.39816];
ry = [ry -1.40757];
rx = [rx -3.30898];
ry = [ry -1.40459];
rx = [rx -3.14244];
ry = [ry -1.36638];
rx = [rx -3.04521];
ry = [ry -1.35582];
rx = [rx -2.97449];
ry = [ry -1.35556];
rx = [rx -2.9695];
ry = [ry -1.38471];
rx = [rx -2.86627];
ry = [ry -1.36715];
rx = [rx -2.82052];
ry = [ry -1.37567];
rx = [rx -2.80573];
ry = [ry -1.39889];
rx = [rx -2.74056];
ry = [ry -1.39639];
rx = [rx -2.69197];
ry = [ry -1.40136];
rx = [rx -2.64063];
ry = [ry -1.40406];
rx = [rx -2.64388];
ry = [ry -1.43552];
rx = [rx -2.62306];
ry = [ry -1.454];
rx = [rx -2.58125];
ry = [ry -1.46041];
rx = [rx -2.5763];
ry = [ry -1.48744];
rx = [rx -2.53905];
ry = [ry -1.49562];
rx = [rx -2.5083];
ry = [ry -1.50715];
rx = [rx -2.52899];
ry = [ry -1.54978];
rx = [rx -2.49246];
ry = [ry -1.55747];
rx = [rx -2.48188];
ry = [ry -1.58114];
rx = [rx -2.46734];
ry = [ry -1.60232];
rx = [rx -2.42366];
ry = [ry -1.60419];
rx = [rx -2.42616];
ry = [ry -1.63648];
rx = [rx -2.39177];
ry = [ry -1.64383];
rx = [rx -2.34955];
ry = [ry -1.64518];
rx = [rx -2.32954];
ry = [ry -1.66165];
rx = [rx -2.31311];
ry = [ry -1.68058];
rx = [rx -2.30112];
ry = [ry -1.70275];
rx = [rx -2.287];
ry = [ry -1.72339];
rx = [rx -2.26542];
ry = [ry -1.73833];
rx = [rx -2.22068];
ry = [ry -1.735];
rx = [rx -2.20684];
ry = [ry -1.75541];
rx = [rx -2.20444];
ry = [ry -1.78513];
rx = [rx -2.16151];
ry = [ry -1.78182];
rx = [rx -2.1389];
ry = [ry -1.79476];
rx = [rx -2.15788];
ry = [ry -1.84301];
rx = [rx -2.03991];
ry = [ry -1.77328];
rx = [rx -2.0018];
ry = [ry -1.77105];
rx = [rx -1.98462];
ry = [ry -1.78697];
rx = [rx -1.94922];
ry = [ry -1.78614];
rx = [rx -1.90985];
ry = [ry -1.78097];
rx = [rx -1.87797];
ry = [ry -1.78214];
rx = [rx -1.86374];
ry = [ry -1.7998];
rx = [rx -1.86747];
ry = [ry -1.83517];
rx = [rx -1.81549];
ry = [ry -1.8155];
rx = [rx -1.81228];
ry = [ry -1.8442];
rx = [rx -1.7788];
ry = [ry -1.84201];
rx = [rx -1.76188];
ry = [ry -1.85664];
rx = [rx -0.913985];
ry = [ry -0.980133];
rx = [rx -0.807203];
ry = [ry -0.880912];
rx = [rx -0.762064];
ry = [ry -0.846362];
rx = [rx -0.707332];
ry = [ry -0.799497];
rx = [rx -0.723798];
ry = [ry -0.832639];
rx = [rx -0.702377];
ry = [ry -0.822383];
rx = [rx -0.654817];
ry = [ry -0.780384];
rx = [rx -0.634639];
ry = [ry -0.769883];
rx = [rx -0.639811];
ry = [ry -0.790105];
rx = [rx -0.602499];
ry = [ry -0.757449];
rx = [rx -0.565118];
ry = [ry -0.723322];
rx = [rx -0.586922];
ry = [ry -0.764895];
rx = [rx -0.539851];
ry = [ry -0.71641];
rx = [rx -0.518755];
ry = [ry -0.701061];
rx = [rx -0.536339];
ry = [ry -0.738211];
rx = [rx -0.490241];
ry = [ry -0.687297];
rx = [rx -0.481072];
ry = [ry -0.687045];
rx = [rx -0.479372];
ry = [ry -0.697494];
rx = [rx -0.446573];
ry = [ry -0.662074];
rx = [rx -0.430092];
ry = [ry -0.649802];
rx = [rx -0.416491];
ry = [ry -0.641343];
rx = [rx -0.415255];
ry = [ry -0.651824];
rx = [rx -0.383786];
ry = [ry -0.61419];
rx = [rx -0.363963];
ry = [ry -0.593938];
rx = [rx -0.383815];
ry = [ry -0.638779];
rx = [rx -0.35223];
ry = [ry -0.597972];
rx = [rx -0.351853];
ry = [ry -0.609431];
rx = [rx -0.309852];
ry = [ry -0.547664];
rx = [rx -0.319814];
ry = [ry -0.576963];
rx = [rx -0.318035];
ry = [ry -0.585751];
rx = [rx -0.310284];
ry = [ry -0.583563];
rx = [rx -0.308673];
ry = [ry -0.59296];
rx = [rx -0.284701];
ry = [ry -0.558761];
rx = [rx -0.26321];
ry = [ry -0.527922];
rx = [rx -0.270051];
ry = [ry -0.553691];
rx = [rx -0.274686];
ry = [ry -0.575894];
rx = [rx -0.25745];
ry = [ry -0.552107];
rx = [rx -0.242315];
ry = [ry -0.531715];
rx = [rx -0.247559];
ry = [ry -0.55603];
rx = [rx -0.238534];
ry = [ry -0.548595];
rx = [rx -0.24039];
ry = [ry -0.566327];
rx = [rx -0.23149];
ry = [ry -0.558871];
rx = [rx -0.221451];
ry = [ry -0.548114];
rx = [rx -0.219614];
ry = [ry -0.557526];
rx = [rx -0.217281];
ry = [ry -0.566042];
rx = [rx -0.214034];
ry = [ry -0.572465];
rx = [rx -0.205543];
ry = [ry -0.56473];
rx = [rx -0.194733];
ry = [ry -0.549913];
rx = [rx -0.183716];
ry = [ry -0.533554];
rx = [rx -0.17744];
ry = [ry -0.530317];
rx = [rx -0.186189];
ry = [ry -0.573035];
rx = [rx -0.181576];
ry = [ry -0.575891];
rx = [rx -0.175194];
ry = [ry -0.573038];
rx = [rx -0.155342];
ry = [ry -0.524431];
rx = [rx -0.154808];
ry = [ry -0.539886];
rx = [rx -0.158838];
ry = [ry -0.572757];
rx = [rx -0.140903];
ry = [ry -0.525864];
rx = [rx -0.127746];
ry = [ry -0.493962];
rx = [rx -0.14009];
ry = [ry -0.561877];
rx = [rx -0.13349];
ry = [ry -0.556033];
rx = [rx -0.133693];
ry = [ry -0.579097];
rx = [rx -0.122524];
ry = [ry -0.552676];
rx = [rx -0.113386];
ry = [ry -0.533445];
rx = [rx -0.111863];
ry = [ry -0.549831];
rx = [rx -0.108427];
ry = [ry -0.557817];
rx = [rx -0.104703];
ry = [ry -0.564936];
rx = [rx -0.10209];
ry = [ry -0.578987];
rx = [rx -0.0935179];
ry = [ry -0.558849];
rx = [rx -0.0851374];
ry = [ry -0.537545];
rx = [rx -0.0853774];
ry = [ry -0.571283];
rx = [rx -0.0804043];
ry = [ry -0.572117];
rx = [rx -0.0768352];
ry = [ry -0.583632];
rx = [rx -0.068722];
ry = [ry -0.559708];
rx = [rx -0.0658864];
ry = [ry -0.57829];
rx = [rx -0.062362];
ry = [ry -0.593349];
rx = [rx -0.0515427];
ry = [ry -0.535306];
rx = [rx -0.0537018];
ry = [ry -0.613832];
rx = [rx -0.0458341];
ry = [ry -0.582397];
rx = [rx -0.041508];
ry = [ry -0.593613];
rx = [rx -0.0370341];
ry = [ry -0.605527];
rx = [rx -0.0295532];
ry = [ry -0.563936];
rx = [rx -0.0259112];
ry = [ry -0.593499];
rx = [rx -0.0204967];
ry = [ry -0.58699];
rx = [rx -0.0153536];
ry = [ry -0.586386];
rx = [rx -0.0106414];
ry = [ry -0.609734];
rx = [rx -0.00558078];
ry = [ry -0.639678];
rx = [rx 1.52228e-06];
ry = [ry -0.590283];
rx = [rx 0.00539288];
ry = [ry -0.617784];
rx = [rx 0.0105994];
ry = [ry -0.607153];
rx = [rx 0.0168552];
ry = [ry -0.64361];
rx = [rx 0.0210172];
ry = [ry -0.601812];
rx = [rx 0.0264477];
ry = [ry -0.605717];
rx = [rx 0.0330572];
ry = [ry -0.630738];
rx = [rx 0.0339032];
ry = [ry -0.554288];
rx = [rx 0.0440991];
ry = [ry -0.630624];
rx = [rx 0.0501297];
ry = [ry -0.636938];
rx = [rx 0.052619];
ry = [ry -0.60142];
rx = [rx 0.0584187];
ry = [ry -0.606685];
rx = [rx 0.065803];
ry = [ry -0.626059];
rx = [rx 0.0699799];
ry = [ry -0.614192];
