rx = [];
ry = [];
rx = [rx -8.3397];
ry = [ry -2.11427e-05];
rx = [rx -8.33772];
ry = [ry -0.0728843];
rx = [rx -8.33569];
ry = [ry -0.145723];
rx = [rx -8.33368];
ry = [ry -0.21855];
rx = [rx -8.33165];
ry = [ry -0.291373];
rx = [rx -8.32967];
ry = [ry -0.364208];
rx = [rx -8.3276];
ry = [ry -0.437059];
rx = [rx -8.32554];
ry = [ry -0.509942];
rx = [rx -8.32355];
ry = [ry -0.582871];
rx = [rx -8.32144];
ry = [ry -0.655846];
rx = [rx -8.31942];
ry = [ry -0.728892];
rx = [rx -8.31753];
ry = [ry -0.802028];
rx = [rx -8.31546];
ry = [ry -0.875234];
rx = [rx -8.31352];
ry = [ry -0.948554];
rx = [rx -8.31129];
ry = [ry -1.02195];
rx = [rx -8.30919];
ry = [ry -1.09548];
rx = [rx -8.30726];
ry = [ry -1.16917];
rx = [rx -8.30556];
ry = [ry -1.24304];
rx = [rx -8.3034];
ry = [ry -1.31701];
rx = [rx -8.30144];
ry = [ry -1.39117];
rx = [rx -8.29886];
ry = [ry -1.46541];
rx = [rx -8.29736];
ry = [ry -1.54003];
rx = [rx -8.2952];
ry = [ry -1.61474];
rx = [rx -8.29327];
ry = [ry -1.68971];
rx = [rx -8.29047];
ry = [ry -1.76474];
rx = [rx -8.28907];
ry = [ry -1.8403];
rx = [rx -8.28672];
ry = [ry -1.91591];
rx = [rx -8.28463];
ry = [ry -1.99185];
rx = [rx -8.28282];
ry = [ry -2.06815];
rx = [rx -8.27977];
ry = [ry -2.14442];
rx = [rx -8.27859];
ry = [ry -2.22149];
rx = [rx -8.27606];
ry = [ry -2.29853];
rx = [rx -8.2738];
ry = [ry -2.37597];
rx = [rx -8.27185];
ry = [ry -2.45385];
rx = [rx -8.27024];
ry = [ry -2.53222];
rx = [rx -8.26685];
ry = [ry -2.61041];
rx = [rx -5.75224];
ry = [ry -1.87181];
rx = [rx -5.59245];
ry = [ry -1.87401];
rx = [rx -5.4384];
ry = [ry -1.87541];
rx = [rx -5.28982];
ry = [ry -1.87605];
rx = [rx -5.14644];
ry = [ry -1.87599];
rx = [rx -5.00803];
ry = [ry -1.87528];
rx = [rx -4.88717];
ry = [ry -1.87888];
rx = [rx -4.75753];
ry = [ry -1.87692];
rx = [rx -4.64415];
ry = [ry -1.87925];
rx = [rx -4.53407];
ry = [ry -1.88098];
rx = [rx -4.41608];
ry = [ry -1.87743];
rx = [rx -4.31262];
ry = [ry -1.87812];
rx = [rx -4.22246];
ry = [ry -1.88292];
rx = [rx -4.12444];
ry = [ry -1.88259];
rx = [rx -4.02916];
ry = [ry -1.88181];
rx = [rx -3.93654];
ry = [ry -1.88063];
rx = [rx -3.85554];
ry = [ry -1.88349];
rx = [rx -3.76766];
ry = [ry -1.88152];
rx = [rx -3.69067];
ry = [ry -1.88355];
rx = [rx -3.61548];
ry = [ry -1.88518];
rx = [rx -3.53402];
ry = [ry -1.88216];
rx = [rx -3.4625];
ry = [ry -1.88309];
rx = [rx -3.3926];
ry = [ry -1.88368];
rx = [rx -3.32431];
ry = [ry -1.88395];
rx = [rx -3.25756];
ry = [ry -1.88392];
rx = [rx -3.19232];
ry = [ry -1.88361];
rx = [rx -3.13521];
ry = [ry -1.88704];
rx = [rx -3.07267];
ry = [ry -1.88617];
rx = [rx -3.01152];
ry = [ry -1.88507];
rx = [rx -2.95784];
ry = [ry -1.88764];
rx = [rx -2.8992];
ry = [ry -1.88607];
rx = [rx -2.84762];
ry = [ry -1.88813];
rx = [rx -2.79136];
ry = [ry -1.88616];
rx = [rx -2.74178];
ry = [ry -1.88776];
rx = [rx -2.69309];
ry = [ry -1.88914];
rx = [rx -2.64013];
ry = [ry -1.88662];
rx = [rx -2.5933];
ry = [ry -1.88761];
rx = [rx -2.54731];
ry = [ry -1.88841];
rx = [rx -2.50214];
ry = [ry -1.88903];
rx = [rx -2.45776];
ry = [ry -1.88947];
rx = [rx -2.41417];
ry = [ry -1.88975];
rx = [rx -2.37135];
ry = [ry -1.88988];
rx = [rx -2.32927];
ry = [ry -1.88987];
rx = [rx -2.28793];
ry = [ry -1.88972];
rx = [rx -2.24732];
ry = [ry -1.88945];
rx = [rx -2.20741];
ry = [ry -1.88906];
rx = [rx -2.16818];
ry = [ry -1.88857];
rx = [rx -2.13327];
ry = [ry -1.89119];
rx = [rx -2.09528];
ry = [ry -1.89047];
rx = [rx -2.05794];
ry = [ry -1.88966];
rx = [rx -2.02455];
ry = [ry -1.89189];
rx = [rx -1.98838];
ry = [ry -1.8909];
rx = [rx -1.95281];
ry = [ry -1.88984];
rx = [rx -1.92087];
ry = [ry -1.89172];
rx = [rx -1.8864];
ry = [ry -1.89053];
rx = [rx -1.85536];
ry = [ry -1.8922];
rx = [rx -1.82193];
ry = [ry -1.89089];
rx = [rx -1.79174];
ry = [ry -1.89238];
rx = [rx -1.75933];
ry = [ry -1.89097];
rx = [rx -1.72996];
ry = [ry -1.8923];
rx = [rx -1.69851];
ry = [ry -1.89082];
rx = [rx -1.66994];
ry = [ry -1.89201];
rx = [rx -1.64171];
ry = [ry -1.89312];
rx = [rx -1.6116];
ry = [ry -1.89154];
rx = [rx -1.58411];
ry = [ry -1.89253];
rx = [rx -1.55696];
ry = [ry -1.89347];
rx = [rx -1.5281];
ry = [ry -1.89183];
rx = [rx -1.50164];
ry = [ry -1.89267];
rx = [rx -1.47549];
ry = [ry -1.89346];
rx = [rx -1.44963];
ry = [ry -1.8942];
rx = [rx -1.42231];
ry = [ry -1.89253];
rx = [rx -1.3971];
ry = [ry -1.89321];
rx = [rx -1.37216];
ry = [ry -1.89384];
rx = [rx -1.34751];
ry = [ry -1.89443];
rx = [rx -1.32158];
ry = [ry -1.89279];
rx = [rx -1.29751];
ry = [ry -1.89335];
rx = [rx -1.2737];
ry = [ry -1.89388];
rx = [rx -1.25013];
ry = [ry -1.89438];
rx = [rx -1.22681];
ry = [ry -1.89486];
rx = [rx -1.20245];
ry = [ry -1.8933];
rx = [rx -1.17965];
ry = [ry -1.89376];
rx = [rx -1.15707];
ry = [ry -1.89421];
rx = [rx -1.13472];
ry = [ry -1.89463];
rx = [rx -1.11258];
ry = [ry -1.89504];
rx = [rx -1.09066];
ry = [ry -1.89544];
rx = [rx -1.06793];
ry = [ry -1.89404];
rx = [rx -1.04644];
ry = [ry -1.89444];
rx = [rx -1.02516];
ry = [ry -1.89484];
rx = [rx -1.00406];
ry = [ry -1.89523];
rx = [rx -0.983141];
ry = [ry -1.89561];
rx = [rx -0.962404];
ry = [ry -1.89599];
rx = [rx -0.941062];
ry = [ry -1.89479];
rx = [rx -0.920702];
ry = [ry -1.89519];
rx = [rx -0.900505];
ry = [ry -1.89558];
rx = [rx -0.880466];
ry = [ry -1.89597];
rx = [rx -0.86058];
ry = [ry -1.89636];
rx = [rx -0.840228];
ry = [ry -1.89535];
rx = [rx -0.820666];
ry = [ry -1.89576];
rx = [rx -0.801242];
ry = [ry -1.89618];
rx = [rx -0.781953];
ry = [ry -1.89659];
rx = [rx -0.762293];
ry = [ry -1.89574];
rx = [rx -0.743286];
ry = [ry -1.89618];
rx = [rx -0.7244];
ry = [ry -1.89662];
rx = [rx -0.705632];
ry = [ry -1.89705];
rx = [rx -0.686573];
ry = [ry -1.89636];
rx = [rx -0.668048];
ry = [ry -1.89682];
rx = [rx -0.649628];
ry = [ry -1.89727];
rx = [rx -0.630971];
ry = [ry -1.89671];
rx = [rx -0.612768];
ry = [ry -1.89718];
rx = [rx -0.59436];
ry = [ry -1.8967];
rx = [rx -0.576356];
ry = [ry -1.89719];
rx = [rx -0.558177];
ry = [ry -1.89679];
rx = [rx -0.540355];
ry = [ry -1.89729];
rx = [rx -0.522385];
ry = [ry -1.89697];
rx = [rx -0.504728];
ry = [ry -1.89748];
rx = [rx -0.486949];
ry = [ry -1.89723];
rx = [rx -0.469442];
ry = [ry -1.89774];
rx = [rx -0.451835];
ry = [ry -1.89754];
rx = [rx -0.434464];
ry = [ry -1.89805];
rx = [rx -0.417012];
ry = [ry -1.89791];
rx = [rx -0.399637];
ry = [ry -1.8978];
rx = [rx -0.382335];
ry = [ry -1.89774];
rx = [rx -0.365205];
ry = [ry -1.89824];
rx = [rx -0.348025];
ry = [ry -1.89821];
rx = [rx -0.330906];
ry = [ry -1.8982];
rx = [rx -0.313843];
ry = [ry -1.89823];
rx = [rx -0.296833];
ry = [ry -1.89827];
rx = [rx -0.279871];
ry = [ry -1.89834];
rx = [rx -0.262955];
ry = [ry -1.89842];
rx = [rx -0.246079];
ry = [ry -1.89852];
rx = [rx -0.229241];
ry = [ry -1.89863];
rx = [rx -0.212438];
ry = [ry -1.89875];
rx = [rx -0.195667];
ry = [ry -1.89887];
rx = [rx -0.178923];
ry = [ry -1.89899];
rx = [rx -0.162187];
ry = [ry -1.89891];
rx = [rx -0.145495];
ry = [ry -1.89905];
rx = [rx -0.128822];
ry = [ry -1.89919];
rx = [rx -0.112158];
ry = [ry -1.89918];
rx = [rx -0.0955187];
ry = [ry -1.89931];
rx = [rx -0.078887];
ry = [ry -1.89934];
rx = [rx -0.0622701];
ry = [ry -1.89946];
rx = [rx -0.0456588];
ry = [ry -1.89951];
rx = [rx -0.0290539];
ry = [ry -1.89957];
rx = [rx -0.0124524];
ry = [ry -1.89965];
rx = [rx 0.00414855];
ry = [ry -1.89973];
rx = [rx 0.0207512];
ry = [ry -1.89978];
rx = [rx 0.0373594];
ry = [ry -1.89991];
rx = [rx 0.0539741];
ry = [ry -1.89998];
rx = [rx 0.070598];
ry = [ry -1.90005];
rx = [rx 0.0872333];
ry = [ry -1.9001];
rx = [rx 0.103882];
ry = [ry -1.90013];
rx = [rx 0.120555];
ry = [ry -1.90029];
rx = [rx 0.137237];
ry = [ry -1.90029];
rx = [rx 0.153953];
ry = [ry -1.90044];
rx = [rx 0.170694];
ry = [ry -1.90058];
rx = [rx 0.187442];
ry = [ry -1.9005];
rx = [rx 0.204238];
ry = [ry -1.9006];
rx = [rx 0.221064];
ry = [ry -1.90068];
rx = [rx 0.237923];
ry = [ry -1.90073];
rx = [rx 0.254815];
ry = [ry -1.90076];
rx = [rx 0.271784];
ry = [ry -1.90103];
rx = [rx 0.288751];
ry = [ry -1.90099];
