vx = [];
vy = [];
vx = [vx -1.89523];
vy = [vy -4.80475e-06];
vx = [vx -1.90907];
vy = [vy -0.016665];
vx = [vx -1.92518];
vy = [vy -0.0336088];
vx = [vx -1.9748];
vy = [vy -0.051717];
vx = [vx -1.97417];
vy = [vy -0.0689446];
vx = [vx -1.97349];
vy = [vy -0.0861695];
vx = [vx -1.97948];
vy = [vy -0.103745];
vx = [vx -1.9785];
vy = [vy -0.121015];
vx = [vx -2.10267];
vy = [vy -0.147038];
vx = [vx -2.15115];
vy = [vy -0.169305];
vx = [vx -2.14959];
vy = [vy -0.18807];
vx = [vx -2.17328];
vy = [vy -0.209268];
vx = [vx -2.19925];
vy = [vy -0.231155];
vx = [vx -2.24677];
vy = [vy -0.255993];
vx = [vx -2.2823];
vy = [vy -0.280237];
vx = [vx -2.32924];
vy = [vy -0.306656];
vx = [vx -2.33552];
vy = [vy -0.328242];
vx = [vx -2.38192];
vy = [vy -0.355987];
vx = [vx -2.37872];
vy = [vy -0.376759];
vx = [vx -2.37411];
vy = [vy -0.397296];
vx = [vx -2.3512];
vy = [vy -0.414586];
vx = [vx -2.34749];
vy = [vy -0.435088];
vx = [vx -2.30846];
vy = [vy -0.448725];
vx = [vx -2.30445];
vy = [vy -0.468852];
vx = [vx -2.30569];
vy = [vy -0.490096];
vx = [vx -2.30575];
vy = [vy -0.511179];
vx = [vx -2.25248];
vy = [vy -0.520032];
vx = [vx -2.2682];
vy = [vy -0.544552];
vx = [vx -2.21318];
vy = [vy -0.551813];
vx = [vx -2.20412];
vy = [vy -0.57003];
vx = [vx -2.17755];
vy = [vy -0.583479];
vx = [vx -2.17238];
vy = [vy -0.60246];
vx = [vx -2.16235];
vy = [vy -0.62005];
vx = [vx -2.15686];
vy = [vy -0.638897];
vx = [vx -2.10998];
vy = [vy -0.645092];
vx = [vx -2.10427];
vy = [vy -0.66348];
vx = [vx -2.0984];
vy = [vy -0.681817];
vx = [vx -2.07827];
vy = [vy -0.695387];
vx = [vx -2.093];
vy = [vy -0.720683];
vx = [vx -2.08668];
vy = [vy -0.738937];
vx = [vx -1.98618];
vy = [vy -0.722916];
vx = [vx -1.9798];
vy = [vy -0.740221];
vx = [vx -1.97326];
vy = [vy -0.75747];
vx = [vx -1.98587];
vy = [vy -0.782261];
vx = [vx -1.9756];
vy = [vy -0.798198];
vx = [vx -1.96855];
vy = [vy -0.815408];
vx = [vx -1.94236];
vy = [vy -0.824491];
vx = [vx -1.88924];
vy = [vy -0.821472];
vx = [vx -1.882];
vy = [vy -0.837927];
vx = [vx -1.863];
vy = [vy -0.849023];
vx = [vx -1.90083];
vy = [vy -0.886379];
vx = [vx -1.89303];
vy = [vy -0.902934];
vx = [vx -1.86643];
vy = [vy -0.910327];
vx = [vx -1.85842];
vy = [vy -0.92658];
vx = [vx -1.85026];
vy = [vy -0.942762];
vx = [vx -1.85791];
vy = [vy -0.967174];
vx = [vx -1.8494];
vy = [vy -0.983351];
vx = [vx -1.84075];
vy = [vy -0.999452];
vx = [vx -1.832];
vy = [vy -1.0155];
vx = [vx -1.78427];
vy = [vy -1.0095];
vx = [vx -1.79233];
vy = [vy -1.03481];
vx = [vx -1.78323];
vy = [vy -1.05041];
vx = [vx -1.774];
vy = [vy -1.06593];
vx = [vx -1.76463];
vy = [vy -1.08137];
vx = [vx -1.75513];
vy = [vy -1.09673];
vx = [vx -1.74549];
vy = [vy -1.11201];
vx = [vx -1.71686];
vy = [vy -1.11495];
vx = [vx -1.74876];
vy = [vy -1.15748];
vx = [vx -1.73859];
vy = [vy -1.1727];
vx = [vx -1.74266];
vy = [vy -1.1977];
vx = [vx -1.73214];
vy = [vy -1.21286];
vx = [vx -1.72149];
vy = [vy -1.22793];
vx = [vx -1.70355];
vy = [vy -1.23771];
vx = [vx -1.69324];
vy = [vy -1.25294];
vx = [vx -1.68224];
vy = [vy -1.26767];
vx = [vx -1.71078];
vy = [vy -1.31274];
vx = [vx -1.71684];
vy = [vy -1.34135];
vx = [vx -1.70507];
vy = [vy -1.35628];
vx = [vx -1.69317];
vy = [vy -1.37111];
vx = [vx -1.66823];
vy = [vy -1.37519];
vx = [vx -1.65617];
vy = [vy -1.3897];
vx = [vx -1.64398];
vy = [vy -1.4041];
vx = [vx -1.64289];
vy = [vy -1.42815];
vx = [vx -1.64582];
vy = [vy -1.45611];
vx = [vx -1.63305];
vy = [vy -1.47041];
vx = [vx -1.69601];
vy = [vy -1.55411];
vx = [vx -1.7107];
vy = [vy -1.59526];
vx = [vx -1.69902];
vy = [vy -1.61232];
vx = [vx -1.67845];
vy = [vy -1.62086];
vx = [vx -1.6999];
vy = [vy -1.6705];
vx = [vx -1.67786];
vy = [vy -1.67787];
vx = [vx -1.71616];
vy = [vy -1.74639];
vx = [vx -1.68046];
vy = [vy -1.74018];
vx = [vx -1.68067];
vy = [vy -1.77107];
vx = [vx -1.67941];
vy = [vy -1.80096];
vx = [vx -1.66363];
vy = [vy -1.81555];
vx = [vx -1.68527];
vy = [vy -1.87169];
vx = [vx -1.702];
vy = [vy -1.92377];
vx = [vx -1.67635];
vy = [vy -1.92843];
vx = [vx -1.70382];
vy = [vy -1.99493];
vx = [vx -1.69538];
vy = [vy -2.02049];
vx = [vx -1.68992];
vy = [vy -2.05005];
vx = [vx -1.66331];
vy = [vy -2.05403];
vx = [vx -1.69031];
vy = [vy -2.12502];
vx = [vx -1.68197];
vy = [vy -2.15283];
vx = [vx -1.64091];
vy = [vy -2.13848];
vx = [vx -1.62935];
vy = [vy -2.16223];
vx = [vx -1.68218];
vy = [vy -2.27334];
vx = [vx -1.66227];
vy = [vy -2.28794];
vx = [vx -1.67697];
vy = [vy -2.35104];
vx = [vx -1.65983];
vy = [vy -2.3705];
vx = [vx -1.69287];
vy = [vy -2.46315];
vx = [vx -1.67237];
vy = [vy -2.4794];
vx = [vx -1.68582];
vy = [vy -2.54701];
vx = [vx -2.06377];
vy = [vy -3.17794];
vx = [vx -2.0562];
vy = [vy -3.2276];
vx = [vx -2.02625];
vy = [vy -3.24269];
vx = [vx -2.00338];
vy = [vy -3.26923];
vx = [vx -2.00321];
vy = [vy -3.33392];
vx = [vx -1.96218];
vy = [vy -3.33114];
vx = [vx -1.94609];
vy = [vy -3.37074];
vx = [vx -1.90304];
vy = [vy -3.36364];
vx = [vx -1.86944];
vy = [vy -3.37258];
vx = [vx -1.8445];
vy = [vy -3.39716];
vx = [vx -1.82447];
vy = [vy -3.43135];
vx = [vx -1.80613];
vy = [vy -3.46957];
vx = [vx -1.78323];
vy = [vy -3.49981];
vx = [vx -1.76195];
vy = [vy -3.53396];
vx = [vx -1.73224];
vy = [vy -3.55164];
vx = [vx -1.71326];
vy = [vy -3.59194];
vx = [vx -1.66334];
vy = [vy -3.56707];
vx = [vx -1.64367];
vy = [vy -3.60673];
vx = [vx -1.61508];
vy = [vy -3.62755];
vx = [vx -1.61123];
vy = [vy -3.7056];
vx = [vx -1.56362];
vy = [vy -3.68368];
vx = [vx -1.53708];
vy = [vy -3.71086];
vx = [vx -1.5002];
vy = [vy -3.71316];
vx = [vx -1.4819];
vy = [vy -3.76205];
vx = [vx -1.47305];
vy = [vy -3.83745];
vx = [vx -1.45194];
vy = [vy -3.88341];
vx = [vx -1.42167];
vy = [vy -3.90604];
vx = [vx -1.40365];
vy = [vy -3.96382];
vx = [vx -1.37215];
vy = [vy -3.98506];
vx = [vx -1.37561];
vy = [vy -4.11129];
vx = [vx -1.34601];
vy = [vy -4.14263];
vx = [vx -1.30753];
vy = [vy -4.147];
vx = [vx -1.3021];
vy = [vy -4.25903];
vx = [vx -1.27675];
vy = [vy -4.31028];
vx = [vx -1.31684];
vy = [vy -4.59241];
vx = [vx -1.28224];
vy = [vy -4.62364];
vx = [vx -1.30348];
vy = [vy -4.8647];
vx = [vx -1.28855];
vy = [vy -4.98251];
vx = [vx -1.31352];
vy = [vy -5.26829];
vx = [vx -1.31039];
vy = [vy -5.45823];
vx = [vx -1.27073];
vy = [vy -5.5042];
vx = [vx -1.23228];
vy = [vy -5.55851];
vx = [vx -1.19205];
vy = [vy -5.60825];
vx = [vx -1.14253];
vy = [vy -5.61578];
vx = [vx -1.09634];
vy = [vy -5.64028];
vx = [vx -1.06178];
vy = [vy -5.72891];
vx = [vx -1.01658];
vy = [vy -5.76542];
vx = [vx -0.975913];
vy = [vy -5.83192];
vx = [vx -0.929673];
vy = [vy -5.86982];
vx = [vx -0.887868];
vy = [vy -5.94097];
vx = [vx -0.831131];
vy = [vy -5.91391];
vx = [vx -0.791654];
vy = [vy -6.01333];
vx = [vx -0.745329];
vy = [vy -6.07035];
vx = [vx -0.696822];
vy = [vy -6.11607];
vx = [vx -0.652524];
vy = [vy -6.20851];
vx = [vx -0.594996];
vy = [vy -6.17943];
vx = [vx -0.546424];
vy = [vy -6.24583];
vx = [vx -0.489904];
vy = [vy -6.22502];
vx = [vx -0.442177];
vy = [vy -6.32365];
vx = [vx -0.390632];
vy = [vy -6.38705];
vx = [vx -0.342698];
vy = [vy -6.53937];
vx = [vx -0.288199];
vy = [vy -6.60125];
vx = [vx -0.229765];
vy = [vy -6.58008];
vx = [vx -0.172253];
vy = [vy -6.57869];
vx = [vx -0.113792];
vy = [vy -6.52008];
vx = [vx -0.0568986];
vy = [vy -6.52181];
vx = [vx 1.68143e-05];
vy = [vy -6.51998];
vx = [vx 0.0570294];
vy = [vy -6.53303];
vx = [vx 0.113966];
vy = [vy -6.52818];
vx = [vx 0.169756];
vy = [vy -6.4821];
vx = [vx 0.227925];
vy = [vy -6.52646];
vx = [vx 0.286465];
vy = [vy -6.56074];
vx = [vx 0.34414];
vy = [vy -6.56626];
vx = [vx 0.403684];
vy = [vy -6.5999];
vx = [vx 0.460543];
vy = [vy -6.58584];
vx = [vx 0.520529];
vy = [vy -6.61373];
vx = [vx 0.132513];
vy = [vy -1.51459];
vx = [vx 0.145725];
vy = [vy -1.51337];
vx = [vx 0.151266];
vy = [vy -1.43916];
vx = [vx 0.167142];
vy = [vy -1.46696];
vx = [vx 0.107889];
vy = [vy -0.878671];
vx = [vx 0.116678];
vy = [vy -0.886242];
vx = [vx 0.124408];
vy = [vy -0.88519];
vx = [vx 0.118635];
vy = [vy -0.793794];
vx = [vx 0.125558];
