# Created by Octave 4.0.0, Mon Jun 29 12:07:46 2020 EEST <li9i@spell>
# name: errors
# type: matrix
# rows: 53
# columns: 1
 0.139709985326746
 0.1343882435334264
 0.1305865613300242
 0.1391355094862573
 0.1369000365230049
 0.1332261986247475
 0.1387112468403317
 0.1405204967255697
 0.1347011507003567
 0.1433107113931122
 0.1378178870829183
 0.1381662766379688
 0.1408514465669423
 0.1385481865633771
 0.1394417799656927
 0.1421354987327242
 0.1417730580893282
 0.1313259304174169
 0.1331884754774252
 0.1387712506249034
 0.1404765104919647
 0.1425725429386784
 0.1339457352811216
 0.9254215904116395
 0.1435555641554856
 0.137790347992882
 0.1369824076295932
 0.1405815421739264
 0.1429952796423719
 0.1362653661059939
 0.1380557133913673
 0.1376191847091099
 0.1379699242588739
 0.1321079861325578
 0.1376793739090969
 0.1396914456937115
 0.1347567438015649
 0.1366239364094018
 0.1351932690632235
 0.1380974293750588
 0.1420579107265759
 0.1374735247238542
 0.1398001788267827
 0.1349090434329724
 0.1374758160550403
 0.1415114483001294
 0.1416002824855976
 0.1419398816400832
 0.1343451152815001
 0.1405227383735456
 0.1382687600291567
 0.1421003166780469
 0.1372633235791729


