# Created by Octave 4.0.0, Mon Jun 29 12:07:13 2020 EEST <li9i@spell>
# name: errors
# type: matrix
# rows: 84
# columns: 1
 0.08297385130268729
 0.08664433045503443
 0.08222469215509871
 0.07890101393518804
 0.07420309966572325
 0.0684035817775759
 0.0770211659221096
 0.06458645368807167
 0.08157236051507684
 0.09488150504709537
 0.07493230278058724
 0.07736924453555045
 0.08576770954153264
 0.07888352172666305
 0.07734002844582454
 0.1247160374611104
 0.1235048986882778
 0.07625122949829526
 0.07736905065981786
 0.08028960082103215
 0.08056003972194209
 0.08092119623437587
 0.0774441734412709
 0.07586204584640319
 0.07438554967197332
 0.09408506789072051
 0.08290530742962991
 0.07724927184123255
 0.08063708824108635
 0.07425159930938294
 0.09300435473675754
 0.08336120200669578
 0.07672059697369908
 0.08096029891249912
 0.08508190171829744
 0.08240436881622538
 0.08240436881622538
 0.07495445283637711
 0.07637047858957602
 0.08308188731607295
 0.08536257962364045
 0.07838379934656294
 0.07982042345165771
 0.07615773105864357
 0.07429939434478039
 0.08682332635876444
 0.07704349420944645
 0.07532416610890008
 0.07842359338873327
 0.09794947677247054
 0.07311094309335976
 0.07361535165984159
 0.07591607207964506
 0.09838927787112732
 0.07630517675754932
 0.07559689147049542
 0.09603379613449341
 0.08132945345938471
 0.08016483019380148
 0.07159979050249457
 0.0758127298018082
 0.07521116938328291
 0.07418470192701546
 0.07982092457496175
 0.08103141366162296
 0.07468928972752059
 0.0790317024997043
 0.07997905975942733
 0.07533823730351429
 0.07440732490824736
 0.0748251294686552
 0.08102801984499308
 0.09220005422992186
 0.08131648049442848
 0.0798694559891403
 0.07233546847847479
 0.08278000966417769
 0.0814705468252276
 0.08118337268185809
 0.07350680240631513
 0.08285583865969375
 0.07537599087243696
 0.08290385998251866
 0.07714953013467141


