# Created by Octave 4.0.0, Mon Jun 29 12:07:40 2020 EEST <li9i@spell>
# name: errors
# type: matrix
# rows: 100
# columns: 1
 0.1493555824199404
 0.2289196365539677
 0.1188170442318818
 0.1786183081321759
 0.122897233492055
 0.1184817285491739
 0.2281978965722522
 0.1241525271591336
 0.2090286583222507
 0.1817099336855286
 0.2409366929299058
 0.1855048516885721
 0.1202249974007081
 0.191466994544752
 0.1899865784733247
 0.1788852425439262
 0.1183775738896541
 0.1859736002770302
 0.1178490559996159
 0.1828347067708983
 0.1766332075233885
 0.2409187622415452
 0.1460136979875527
 0.09820875724699804
 0.189650336145232
 0.2209658797190187
 0.1838296222049137
 0.1947986139581084
 0.1721806318956958
 0.2208049138945951
 0.09821043732720362
 0.1227746309300084
 0.1845153923118642
 0.1924150981601986
 0.1019276704335033
 0.1551531501452664
 0.1887247731486275
 0.1405683107958512
 0.1813774517408405
 0.1194531288832551
 0.1509714211365835
 0.1750091711882545
 0.1174994893605923
 0.2393896614308996
 0.2320597552355868
 0.2303344090664707
 0.187466396988898
 0.2612429137794918
 0.1839327322691625
 0.1183143271121482
 0.1994492416631372
 0.1012325046613047
 0.1153169545210061
 0.1273330279228473
 0.1861639331342192
 0.1188486432400473
 0.1180263106260663
 0.2326277068622738
 0.1410157792589191
 0.181971481282098
 0.1173751677315096
 0.1488905638380081
 0.1729535486770923
 0.1169441747159723
 0.1093926871413302
 0.1230429599774028
 0.1177082834808175
 0.1196060199153856
 0.1655337125784388
 0.1131179914956064
 0.1453800880450951
 0.1182707487082052
 0.1801272050524297
 0.1869363795519741
 0.1888563475237195
 0.1513119294702192
 0.182071634254213
 0.1448306942605744
 0.1457942728641993
 0.1727449275666279
 0.1920630104939532
 0.09586871231011851
 0.1810352728061568
 0.1235016599078767
 0.1395131893406518
 0.1935458601985597
 0.1434478650939077
 0.1489405921835983
 0.1839022022706624
 0.1842617703160378
 0.1732335129240322
 0.1860828310188758
 0.1205591141307899
 0.1808964897393033
 0.1728890974006135
 0.1469655742002215
 0.1791403081386205
 0.1531972910987656
 0.1748164751961301
 0.1178882521712847


