# Created by Octave 4.0.0, Mon Jun 29 12:52:07 2020 EEST <li9i@spell>
# name: errors
# type: matrix
# rows: 100
# columns: 1
 0.04959271720726706
 0.03685702104077388
 0.03566899073425012
 0.03841865302167709
 0.04075378387340298
 0.03447338248562243
 0.04533221812353948
 0.04507286212345488
 0.03734237405415002
 0.03842011061931062
 0.03811981636891933
 0.04106946432570246
 0.03967631535311703
 0.03967631535311703
 0.0375947655930995
 0.04063102755284623
 0.0403456676732481
 0.03877210466301757
 0.04777020514923471
 0.04457820543718807
 0.04156450528997035
 0.03511897635182483
 0.04171992929044839
 0.04137634710798067
 0.03977675326117026
 0.04100012195103819
 0.03883289971145698
 0.04281778252081728
 0.04382149700774873
 0.03989376392370197
 0.04192901739845536
 0.03535548189460943
 0.03840035025882088
 0.0354379739827212
 0.039701229200116
 0.04204286503082364
 0.04267390889056319
 0.04438344398534405
 0.0411379338324144
 0.04273153870386579
 0.04153803197071352
 0.04084725327363026
 0.04272835709455827
 0.03987992101296162
 0.04249338889756927
 0.04243458612971352
 0.03967631535311703
 0.04202187049620893
 0.04265452379291178
 0.04438450630569273
 0.03999190042996306
 0.04386788004907465
 0.04168603603126721
 0.04035269012098232
 0.04168285019045542
 0.04284900115522093
 0.03922442606336138
 0.03883289971145698
 0.04198023344384871
 0.04264610298726101
 0.04252098423131735
 0.03843117094234785
 0.03825143788147238
 0.03932279745898048
 0.04050850404544811
 0.04277243154182343
 0.04058910691306351
 0.04069659076630374
 0.03938926757379559
 0.04265452379291178
 0.03989376392370197
 0.04057698362372568
 0.03735388065516124
 0.04192901739845536
 0.03945014702127288
 0.04365586329463738
 0.04045278235177464
 0.04075378387340298
 0.04186177373213104
 0.03823385410863171
 0.03851200332363895
 0.04075255697499212
 0.04304439568631467
 0.04287657169131062
 0.04130000121065512
 0.04774212081590072
 0.04059735089879803
 0.03927992489809536
 0.04423157695583663
 0.04038581557923571
 0.0439732873458441
 0.03886259898668665
 0.03879655268190915
 0.04180806620737183
 0.040846806484718
 0.03883289971145698
 0.04152833249722545
 0.0407313196447174
 0.04299144217166965
 0.04303420151460901


