# Created by Octave 4.0.0, Mon Jun 29 12:53:19 2020 EEST <li9i@spell>
# name: errors
# type: matrix
# rows: 100
# columns: 1
 0.08260024213039506
 0.1859744606122041
 0.1284629907794457
 0.1372857239482674
 0.08215156724007143
 0.06890812724200215
 0.08384515489877867
 0.1842615532334412
 0.124039348595517
 0.2084034548657956
 0.1653608176080423
 0.1121749526409524
 0.2001220877364607
 0.1388479023968308
 0.08104171765208269
 0.08612554789375775
 0.09715657466172803
 0.1308020259781938
 0.1803136156811242
 0.1364472425518387
 0.1359558751948592
 0.2098028836789423
 0.07333928006191473
 0.1465463749125173
 0.1318296248951658
 0.1390523642373623
 0.08508025622904497
 0.209900023820865
 0.09331050316014738
 0.08592886592990832
 0.1383191237681898
 0.1289592571318558
 0.1113550178483213
 0.1468464844659212
 0.1383460154829182
 0.08308224840481945
 0.08249703024957934
 0.1389168456307591
 0.1288414917641041
 0.1503431408478617
 0.1398419822513976
 0.08445051805643232
 0.06835034747534176
 0.1590899116851844
 0.1414728949304433
 0.1372335600354384
 0.1419048977308393
 0.1004860686861611
 0.1344977323228913
 0.1369299090776007
 0.1017853132824192
 0.1233663244163515
 0.1116681243685941
 0.1405960525761663
 0.1133053396799998
 0.1363017608103433
 0.08433137020113021
 0.1766309429290359
 0.07365324161230161
 0.150774865279329
 0.127099685286786
 0.1169782885838228
 0.1874405772504985
 0.1136099027373934
 0.04814332767892105
 0.1519721356038662
 0.07954175004361017
 0.1712124411367336
 0.1364313746907223
 0.1102089832999099
 0.1097842429495234
 0.1339386426689475
 0.0930360145320092
 0.1833147293591003
 0.1359085722094098
 0.06648706641144504
 0.1877405124100812
 0.1123550176894649
 0.09360902734245327
 0.147821141924963
 0.1121021855273124
 0.1730341006853843
 0.1399593155170463
 0.1088493454275225
 0.1381871918811593
 0.1606660200540226
 0.1374514459727517
 0.1210577548114944
 0.1104321058388368
 0.1358576092826611
 0.1429050383996301
 0.1371485690774801
 0.1226910347172948
 0.112954238521624
 0.1528217916398043
 0.128245155853936
 0.04591862367275446
 0.1407139296587241
 0.128083488397218
 0.1449301210928903


