# Created by Octave 4.0.0, Mon Jun 29 12:57:07 2020 EEST <li9i@spell>
# name: errors
# type: matrix
# rows: 100
# columns: 1
 0.04122438598693653
 0.04066017707782362
 0.041819134376502
 0.04314556755913579
 0.04036285421027594
 0.05938114178760799
 0.04629730013726394
 0.03918022460374625
 0.04341151920861572
 0.04683929973857459
 0.04036359746107771
 0.03894226495724127
 0.04518462127759738
 0.04271767783950702
 0.03766430671073075
 0.04128401627748873
 0.03985385803156374
 0.0438553303487732
 0.04790260953225852
 0.04190966475647361
 0.06070823667345346
 0.05765136598555128
 0.04010635859810793
 0.04327817001676433
 0.04053467651283314
 0.03818114718025055
 0.05475262550782245
 0.04692728417456002
 0.03842199890687547
 0.04472694937059692
 0.03889601522007086
 0.045965748117484
 0.03992417813806534
 0.03962890359321005
 0.03754903460809571
 0.04720264823079329
 0.04067357864756965
 0.05075214281190407
 0.0600488134770369
 0.0464107746110752
 0.0386434988063973
 0.04741054734971921
 0.0468009615285833
 0.04256113250372818
 0.04620313842154025
 0.04606614809162908
 0.0477205406507502
 0.04472191856349553
 0.04957912867326334
 0.03912965627244877
 0.03830430785172902
 0.04282674398083464
 0.04674023962283346
 0.04872309513977964
 0.05090009823173271
 0.03999324943037276
 0.03950012658207597
 0.05700885896069115
 0.0408461748515089
 0.06096425182022527
 0.05697201067190744
 0.04474930167052777
 0.04187182823808934
 0.04594104918262121
 0.03818114718025055
 0.04246092321181864
 0.05054789807697197
 0.03734501305395441
 0.04276178200215602
 0.03671634513401377
 0.04047530111067677
 0.03830208871589029
 0.03968072579981343
 0.04074125673073797
 0.04418382056816629
 0.04952918331650551
 0.05821382997192259
 0.03853011808961821
 0.04495697943589971
 0.04399147644714754
 0.05118798687192135
 0.04586283898757242
 0.03837759763195148
 0.04674665763453018
 0.04750042105076486
 0.04200809445809223
 0.04810841922158723
 0.04721059203187365
 0.04732071428032328
 0.0411290651486261
 0.05954913937245333
 0.04001324780619519
 0.04283701670284729
 0.03841939614309362
 0.0613061987077967
 0.03648150216205388
 0.0495616787447726
 0.04566683698264967
 0.03924512708604797
 0.04995768209194573


