# Created by Octave 4.0.0, Mon Jun 29 12:51:41 2020 EEST <li9i@spell>
# name: errors
# type: matrix
# rows: 100
# columns: 1
 0.0166306945134601
 0.03285498440115184
 0.06584261537940284
 0.01268897158953303
 0.03012723020790287
 0.03920114794237636
 0.04019950248448285
 0.02070386437358985
 0.03251661113953987
 0.03199765616416397
 0.02550019607767666
 0.01630828010551737
 0.05112034819912714
 0.0319901547354811
 0.008580209787642821
 0.01581455026233637
 0.03493222008404173
 0.04857736098224958
 0.01343018987207774
 0.009166242414425017
 0.02247420743875118
 0.03978190543450619
 0.031590504902583
 0.01608539710420477
 0.03360431519909271
 0.03143533044203474
 0.01182243629714087
 0.01364001466275061
 0.02650018867857386
 0.04899234634103532
 0.03242992445257999
 0.02651490147068179
 0.02710073799733143
 0.02059757267252564
 0.02654825794661351
 0.04227114855312282
 0.0385721402050744
 0.03619295511560055
 0.01582561215245805
 0.01339328189802544
 0.04195485669144921
 0.03142737660066423
 0.04717170762226124
 0.0197253643819339
 0.02380756182392351
 0.01472718574609674
 0.05344698307668873
 0.03106541485317799
 0.02147044480210115
 0.02522578046364417
 0.02180000000000043
 0.0110022724925348
 0.04243548043795235
 0.05793461832100023
 0.03402308040139998
 0.05383539727725498
 0.04282289107475231
 0.02992524018282753
 0.03217530108639203
 0.009916148445842593
 0.03912454472578709
 0.01451516448408341
 0.03752812278811853
 0.02131149924336629
 0.02118348413269317
 0.06136521816143032
 0.02750163631495528
 0.03922269751049723
 0.02494674327442331
 0.05423965339122302
 0.04280292046110844
 0.0247881019846193
 0.03394878495616666
 0.05154076056869838
 0.005968249324549598
 0.0140427917452314
 0.06428825709256666
 0.02333238093294459
 0.006506919393998007
 0.05014299552280603
 0.01011335750381667
 0.01206026533704911
 0.004186884283091919
 0.01290348790056443
 0.03413971294548491
 0.02563298656029061
 0.006120457499239641
 0.01192182871878389
 0.01117318217876982
 0.04449370742026294
 0.02983571685078018
 0.03849623358200119
 0.02997215374309954
 0.04074923312161992
 0.04030595489502584
 0.03066153942645589
 0.01617559890699624
 0.00441474801092972
 0.04495887009256228
 0.0290244724327599


