# Created by Octave 4.0.0, Mon Jun 29 12:07:29 2020 EEST <li9i@spell>
# name: errors
# type: matrix
# rows: 100
# columns: 1
 0.3233319347048893
 0.3256689269795296
 0.3252145138212692
 0.3239385744242288
 0.3288486125864021
 0.3233319347048893
 0.3277371660340116
 0.3266191972312781
 0.3248995229297848
 0.3256637836788154
 0.3263190616559205
 0.3250639475549374
 0.3237227363037714
 0.3235987793549367
 0.3243454485575505
 0.3271814328472807
 0.3252502574941364
 0.3253987246440874
 0.3267758252992384
 0.3248106217475051
 0.3242275898192508
 0.3273650103477758
 0.3226822895666887
 0.3259885427434627
 0.3261328103702599
 0.3263480504001887
 0.325943814176626
 0.324681905870969
 0.3256489213862162
 0.3266859654163284
 0.3268789531309653
 0.326214683912301
 0.3257628738822187
 0.3234333934521966
 0.3278702487265408
 0.326717691593216
 0.3245914663080422
 0.326532586428982
 0.3257002456247118
 0.327217664559851
 0.3262670378692925
 0.3230692340660207
 0.3232088643586386
 0.3283340981378551
 0.3241542842536654
 0.3252731928702434
 0.3237276942122846
 0.3243871914857299
 0.3247722432721099
 0.3259608872242176
 0.3251797195398353
 0.3233575420490399
 0.3242226703979828
 0.3241639862785549
 0.3241639862785549
 0.3257628738822187
 0.3242449691205785
 0.3262934262285989
 0.3265687064003552
 0.3265687064003552
 0.3248482722749154
 0.3230099069688174
 0.3245985366572081
 0.3249081408644656
 0.3254645910079991
 0.3255421324498612
 0.3255421324498612
 0.325516282234854
 0.3256498886841541
 0.3264381258370474
 0.3265137822512288
 0.32547964606101
 0.3227451781204574
 0.3250029230637773
 0.3250029230637773
 0.3270564477272993
 0.3232764297006547
 0.3245554652135696
 0.3238933775179769
 0.3265529666072529
 0.3210920273068164
 0.3241921652353733
 0.3249517656514576
 0.3257730805330613
 0.3249717064607355
 0.3262142240920921
 0.3241567676294911
 0.3232731507564482
 0.3231864632066177
 0.3243317129113381
 0.3246349950328872
 0.322267621705937
 0.322267621705937
 0.3234439982438987
 0.3252629705330702
 0.3261927191094206
 0.3276117366640002
 0.327141330314595
 0.3248476719941235
 0.3254925651992702


