# Created by Octave 4.0.0, Mon Jun 29 12:57:04 2020 EEST <li9i@spell>
# name: errors
# type: matrix
# rows: 100
# columns: 1
 0.03755329546125147
 0.03697377448949513
 0.03744329045369757
 0.03755329546125147
 0.03719529540143488
 0.0434885042281282
 0.03747025486969718
 0.03739090798576532
 0.03697377448949513
 0.03689132689400119
 0.03689132689400119
 0.03741684112802635
 0.03733430058270784
 0.03719529540143488
 0.03755329546125147
 0.03725184559186288
 0.03697377448949513
 0.03713717813727826
 0.03730442333021627
 0.03708180146648687
 0.03689132689400119
 0.0376364185331181
 0.03777512408980295
 0.03733430058270784
 0.03719529540143488
 0.03744329045369757
 0.03741684112802635
 0.03733430058270784
 0.03747025486969718
 0.03730375316238327
 0.03747025486969718
 0.03713717813727826
 0.03727787547594402
 0.03730442333021627
 0.03697377448949513
 0.03719529540143488
 0.03727787547594402
 0.03719529540143488
 0.03733430058270784
 0.03733430058270784
 0.03741684112802635
 0.03725184559186288
 0.03730375316238327
 0.03741684112802635
 0.03719529540143488
 0.03739090798576532
 0.03733430058270784
 0.03733430058270784
 0.03755329546125147
 0.03719529540143488
 0.03711280102606131
 0.03744329045369757
 0.03689132689400119
 0.03713717813727826
 0.03736054068131207
 0.03736054068131207
 0.03730375316238327
 0.03719529540143488
 0.03752612423365961
 0.03689132689400119
 0.03747025486969718
 0.03744329045369757
 0.03697377448949513
 0.03705630850476106
 0.03694807166822169
 0.03755329546125147
 0.03752612423365961
 0.03755329546125147
 0.03689132689400119
 0.04379920090595277
 0.03736054068131207
 0.03733430058270784
 0.03697377448949513
 0.03716517186829537
 0.03741684112802635
 0.03755329546125147
 0.03733430058270784
 0.03733430058270784
 0.03747025486969718
 0.03719529540143488
 0.03713717813727826
 0.03713717813727826
 0.03711280102606131
 0.03711280102606131
 0.03689132689400119
 0.03736054068131207
 0.03736054068131207
 0.0435876129192676
 0.03733430058270784
 0.03727787547594402
 0.03711280102606131
 0.03755329546125147
 0.03719529540143488
 0.03711280102606131
 0.0437858424607774
 0.03716947672486132
 0.03705630850476106
 0.03736054068131207
 0.03755329546125147
 0.03727787547594402


