# Created by Octave 4.0.0, Mon Jun 29 12:07:44 2020 EEST <li9i@spell>
# name: errors
# type: matrix
# rows: 100
# columns: 1
 0.03271849629796998
 0.03104271251035164
 0.02694531499166535
 0.03740761954468994
 0.05604462507681034
 0.03235938812771678
 0.03232104577516779
 0.04460784684335213
 0.04156007699704106
 0.04392413914922614
 0.03347237667092367
 0.03171576894858686
 0.03028663071390378
 0.02928497908484825
 0.04007642698645235
 0.04690682253148422
 0.03395069955097064
 0.03455575205374643
 0.03281843993855001
 0.03189122136262933
 0.02728387802348211
 0.04026313450292231
 0.04210997506530459
 0.02934007498286417
 0.0406178532175271
 0.03220388175360601
 0.02895461966595889
 0.03015045604962178
 0.0431588924788386
 0.02795442719857365
 0.02743446737226742
 0.03420321622304168
 0.02864349838968696
 0.03353147774852978
 0.0390544491703606
 0.02841918366174672
 0.02751817581164135
 0.04424353060053329
 0.03196404229756088
 0.04130520548308689
 0.04941224544583923
 0.04423256718753967
 0.03214093962534444
 0.02757716446627934
 0.03105173103065558
 0.0449694340635971
 0.04119866502691837
 0.02924123800388842
 0.04969064298236154
 0.030599673200876
 0.04124293878956822
 0.02710295186875761
 0.04425381339501139
 0.04217309568908265
 0.04202404073861144
 0.04543236731670685
 0.03084623153644677
 0.02873604008906294
 0.02618472837362103
 0.03240524648880677
 0.04772525536862041
 0.04084531796914038
 0.03840117185712344
 0.04045862083660617
 0.0314745929282671
 0.04512405123656611
 0.02721488563268332
 0.05299075391047092
 0.04989639265518593
 0.02720827080135727
 0.03780211634287447
 0.03824042363782542
 0.03077823906594038
 0.028806422894906
 0.03673254687603891
 0.03355294323901398
 0.04452707041789935
 0.02948711583048166
 0.02837357925959164
 0.03052867504495315
 0.03209750769141146
 0.03388509997034753
 0.03200031249847556
 0.04748610323031389
 0.04748610323031389
 0.02795460606054712
 0.04973781257756045
 0.04719544469543682
 0.04614108798023729
 0.02621488126999727
 0.04196236408974512
 0.028151909349104
 0.044359666364841
 0.0413933569549552
 0.0375373147681099
 0.02480725700274345
 0.04955249741435794
 0.04096644968752271
 0.03403248448174625
 0.04169436412754517


