# Created by Octave 4.0.0, Mon Jun 29 12:07:24 2020 EEST <li9i@spell>
# name: errors
# type: matrix
# rows: 59
# columns: 1
 0.2500403967362171
 0.2487771090755743
 0.2470437208269027
 0.2483067659166801
 0.2453792371004514
 0.2425426354272673
 0.2422541227719371
 0.2483914853613204
 0.2473552303874032
 0.2513170308594397
 0.2452998369343129
 0.2529845252184468
 0.2504039137074415
 0.2433771147828075
 0.2470132385116296
 0.2453746930716383
 0.2507027123905956
 0.2452252026199646
 0.240113743879858
 0.2500189192841328
 0.2458813535020539
 0.2415783309819109
 0.2459812391220142
 0.2442769330084249
 0.2469384133746702
 0.2419289358468739
 0.2513670224989833
 0.2480292321481602
 0.2489048211666536
 0.2465284162120135
 0.2430380422896917
 0.2450275494714857
 0.2435869659895706
 0.2446703292187364
 0.2510483021253114
 0.2507570337996562
 0.2470122669018805
 0.2496138017017505
 0.2469996761131571
 0.2426640682095365
 0.246295107543787
 0.243589860215904
 0.2393553007560145
 0.2448825024374004
 0.2491409239767762
 0.2474897977695328
 0.246475333451452
 0.2507828742159317
 0.2545611321470792
 0.2477746153261175
 0.2513891007979588
 0.2487570702512916
 0.2462496497459505
 0.2455675059937808
 0.2423538116060946
 0.247111068145481
 0.2517657641539106
 0.2479091164116447
 0.2478761182526495


