# Created by Octave 4.0.0, Mon Jun 29 12:53:46 2020 EEST <li9i@spell>
# name: errors
# type: matrix
# rows: 99
# columns: 1
 0.1447231471638186
 0.09999376608569303
 0.1127703626889624
 0.1137130667997313
 0.06343060164463243
 0.06577331426194193
 0.06992880951367723
 0.05370359623898702
 0.0613574561402285
 0.05313964509667058
 0.1109540637200829
 0.1109672873237883
 0.1110469396651707
 0.09882737631345011
 0.1457093082270314
 0.1098000824954156
 0.1175284176741964
 0.111883287849437
 0.2034297948310429
 0.09895175392078716
 0.1280839546703655
 0.1062952446020046
 0.1159727673033642
 0.1282290720390665
 0.07211221311955539
 0.1268456792957494
 0.0937436941665955
 0.1508782054804484
 0.09908039124367743
 0.0743015338266995
 0.1097203874810881
 0.1065299144090537
 0.09252893808966037
 0.0852606308972684
 0.1099475620648324
 0.06108842873245411
 0.04269099231688198
 0.0662474227800607
 0.1122098150297038
 0.08110247284146259
 0.0666973436952341
 0.09281747602687845
 0.1091866436154166
 0.1099550045655049
 0.06844196049208415
 0.1128428079232359
 0.1527066639541317
 0.0779204462512897
 0.1144268656784759
 0.1077285348642607
 0.1114178335635739
 0.09918430218537666
 0.1212721394880128
 0.1162492308834774
 0.1129719255213436
 0.06142028049431229
 0.1354653896609764
 0.1005733999425299
 0.1085461410138576
 0.1101632602141023
 0.1138554087428445
 0.07779953069267215
 0.1086528215234192
 0.1236344117792454
 0.1079655882260644
 0.1901907145498962
 0.064740654337132
 0.1138587736145097
 0.1120914441917862
 0.1048665897271399
 0.1152108268566808
 0.1010383239963925
 0.1038952479230896
 0.1121034263570933
 0.09957107774851237
 0.1239600630243478
 0.05720392692814148
 0.1035172234751308
 0.1116768951215966
 0.07755426128846932
 0.1232215803988905
 0.1285778367371311
 0.2081179324902114
 0.06129712920684088
 0.1115860159742251
 0.1462055607697616
 0.0619534454328418
 0.08083256824448962
 0.1312900639385947
 0.1093495557558422
 0.1116133711568659
 0.1187943047288055
 0.1103758844539877
 0.1471779993783041
 0.03642098830345081
 0.1066336752672446
 0.06150088683100417
 0.0635864126681167
 0.1122185690561061


