# Created by Octave 4.0.0, Mon Jun 29 12:07:05 2020 EEST <li9i@spell>
# name: errors
# type: matrix
# rows: 61
# columns: 1
 0.1060185832767091
 0.1092216095834575
 0.1093037053351831
 0.1086757102576293
 0.109582160956977
 0.1071720579255654
 0.1094590791117921
 0.1091808133327501
 0.1097499886104791
 0.1080566980802222
 0.1087016559211535
 0.1090733698021717
 0.1082778832449205
 0.1089728865360645
 0.1066573016722276
 0.1081503582980689
 0.1093045744696983
 0.1086393114852979
 0.1092216095834575
 0.1083078021196984
 0.1080897775000048
 0.1089848613340456
 0.1090733698021717
 0.1090288952525919
 0.1069355880892853
 0.1067712508121984
 0.1074944184597567
 0.1067056230945675
 0.1086058009500435
 0.1105796093319212
 0.1080371232493715
 0.1073208274287896
 0.109587818666135
 0.1090104582138858
 0.1082638443802905
 0.1093334349593037
 0.1083461582152332
 0.1101400018158791
 0.1096923880677248
 0.1101232037310974
 0.1078848460164857
 0.1095578386059171
 0.1073851479488738
 0.1104150804917575
 0.109227285968298
 0.1096111308216507
 0.1085675826386527
 0.1078677430931064
 0.1085108750310321
 0.1096093517908017
 0.1095283068434901
 0.1114138680775418
 0.1098138880105863
 0.109453369066467
 0.1076718161823316
 0.1100803797231849
 0.1086499424758246
 0.1088457624347472
 0.1095160262244764
 0.1068934516235758
 0.107688485921195


