# Created by Octave 4.0.0, Mon Jun 29 12:07:42 2020 EEST <li9i@spell>
# name: errors
# type: matrix
# rows: 100
# columns: 1
 0.04149216793565002
 0.04122293051204041
 0.04098841299684595
 0.04095424275945728
 0.04177427438029781
 0.04103522876749374
 0.04130435812357248
 0.04096681583916775
 0.04037078151337168
 0.04087358560244051
 0.04107614879708628
 0.0414594983085914
 0.0408985329810321
 0.04161562206672325
 0.0409664496875255
 0.0411325904849182
 0.04110486589201495
 0.0412574841695468
 0.04139480643752433
 0.04093079525247948
 0.04164864943788762
 0.04079730383248573
 0.04073045543570632
 0.04063951279236076
 0.0405744993807698
 0.04106994034571317
 0.04078038744298931
 0.04158425182686433
 0.04130883682700831
 0.04120885827101393
 0.04093079525247948
 0.04155406117337214
 0.04083748278236728
 0.04129225108904212
 0.04129225108904212
 0.04089498746790735
 0.04129225108904212
 0.0408985329810321
 0.04081678576272781
 0.04109622853742294
 0.04161562206672325
 0.04093079525247948
 0.04158425182686433
 0.04063951279236076
 0.04177427438029781
 0.04079730383248573
 0.0414594983085914
 0.04161562206672325
 0.04089266437883694
 0.04122293051204041
 0.04149722882314388
 0.04115446512834937
 0.04093079525247948
 0.04048160075886789
 0.0414594983085914
 0.04093079525247948
 0.04122293051204041
 0.04085339643163474
 0.04122293051204041
 0.0414594983085914
 0.04136496101775498
 0.04177427438029781
 0.04070442236416628
 0.04081678576272781
 0.04081678576272781
 0.04053899357408982
 0.04095424275945728
 0.04083442175420193
 0.04076039744654184
 0.04092932933728882
 0.04079730383248573
 0.04112055447097512
 0.04053899357408982
 0.04130435812357248
 0.0409664496875255
 0.04120885827101393
 0.04146383966784152
 0.0408985329810321
 0.04106994034571317
 0.04158425182686433
 0.04122293051204041
 0.04061157470475861
 0.04122293051204041
 0.04080441152621018
 0.04136496101775498
 0.04093079525247948
 0.04136496101775498
 0.04081678576272781
 0.0411325904849182
 0.04106994034571317
 0.04153083192039929
 0.04122293051204041
 0.04050111109587256
 0.04116369759873555
 0.04089266437883694
 0.04140301921358035
 0.04079730383248573
 0.0413859879669461
 0.04050111109587256
 0.04158425182686433


