# Created by Octave 4.0.0, Mon Jun 29 12:52:14 2020 EEST <li9i@spell>
# name: errors
# type: matrix
# rows: 58
# columns: 1
 0.1416428254448507
 0.1371821052470057
 0.1335338908292587
 0.1426017180822169
 0.139451783782067
 0.143569808803941
 0.1350908213018209
 0.1355423181150464
 0.1405600939100455
 0.1376712388264159
 0.1334296069094128
 0.130994541871026
 0.1351301964773236
 0.1625351961883963
 0.1420328483133403
 0.1461213878937682
 0.1559743568667637
 0.1330663368399392
 0.1355749608150439
 0.1230424723418709
 0.1561212669689839
 0.1525839113406124
 0.1367751804970488
 0.1378609807015762
 0.1462603500611188
 0.1525407814323776
 0.1544897731243101
 0.1547610093014401
 0.1413557568689748
 0.1438434218169187
 0.1354831723868324
 0.1309901141308031
 0.1546089583433014
 0.1565560602468029
 0.1537151261262204
 0.1522104464220529
 0.1362624673195102
 0.1415763045145643
 0.1459075049474857
 0.1527183355069071
 0.1585605562553346
 0.1552823557265944
 0.1313811630333676
 0.1432945218771493
 0.1598538394909569
 0.1579290980155358
 0.1419090553840744
 0.1556357606721563
 0.1600929729875747
 0.140370117902637
 0.1372833566023235
 0.1534932571808954
 0.1446964408684629
 0.1301674306422334
 0.1481138075940271
 0.1896967052955878
 0.1307551146227173
 0.1497247140588374


