# Created by Octave 4.0.0, Mon Jun 29 12:53:48 2020 EEST <li9i@spell>
# name: errors
# type: matrix
# rows: 94
# columns: 1
 0.05001279836201916
 0.05296081760131841
 0.08293043303878286
 0.1447283142166736
 0.03893581550449484
 0.06393035186044367
 0.07318790678793935
 0.1133872442605437
 0.04532407347094944
 0.07010595359168936
 0.05954146932181054
 0.153422189281734
 0.1124323986402509
 0.05929883266979319
 0.111865621618084
 0.07865886297169622
 0.1125982509455645
 0.06198771571852071
 0.1406186318558109
 0.08724171621993719
 0.04292188748179755
 0.08495271223451423
 0.05936238593587786
 0.141816213515945
 0.06539044961613409
 0.03636004675464528
 0.1386530795510876
 0.1449153259665804
 0.1299242503191777
 0.08566412194729005
 0.05725236152334799
 0.07788772445642599
 0.1556719725705309
 0.07655425853602137
 0.09185975506172461
 0.08010224338930856
 0.06634184022168936
 0.06807151258052192
 0.1479343273212829
 0.1505281106670792
 0.1474402299543787
 0.06674625925098832
 0.05370976921380341
 0.1369528329790956
 0.1945998118087478
 0.0558510462659393
 0.1346410550463721
 0.05785383458337171
 0.08441933437311722
 0.03104935484031862
 0.03473877660482606
 0.1470833407459865
 0.0592496119902907
 0.06734706304658047
 0.08015166816105701
 0.1841730532298362
 0.05655995602013945
 0.1825404405083993
 0.04971272099774945
 0.04279099284896352
 0.06313330005630979
 0.1222666266812008
 0.07145577362257148
 0.07321666067228139
 0.08592936904225602
 0.07636231353881413
 0.1105924976705022
 0.2014472505669922
 0.06243732284459442
 0.1187729370521762
 0.1883245712088583
 0.06031132832229853
 0.1441529171574418
 0.06186178795508654
 0.05999677658008103
 0.05995933846366339
 0.07101382854064449
 0.1117686245106387
 0.06646625793588815
 0.07460521515953214
 0.06232755294410365
 0.03031942745171894
 0.06255842072814854
 0.1308962284598004
 0.07139261335040255
 0.03198090236375477
 0.1544808324809269
 0.1500893425297085
 0.08179339783258792
 0.08172365912635211
 0.06112105529193762
 0.08218210650135575
 0.06083525268296388
 0.07752398125096552


