# Created by Octave 4.0.0, Mon Jun 29 12:57:13 2020 EEST <li9i@spell>
# name: errors
# type: matrix
# rows: 82
# columns: 1
 0.0273658546367552
 0.02558401063164174
 0.0249104817295861
 0.02540473184270941
 0.02323467451891638
 0.02673261117062883
 0.02451249681285108
 0.02729228645606675
 0.02726489317785796
 0.02253028184466368
 0.02615844796619157
 0.02672850351216733
 0.02307146505967984
 0.02548346326542026
 0.02429907199874024
 0.02443076953352022
 0.02268969810288273
 0.02733270751316049
 0.02524603929332182
 0.02466703265494285
 0.02684435881149016
 0.02533564485068342
 0.02625503570745961
 0.02437657892322037
 0.02522764555007078
 0.02514241237431209
 0.02522697762317125
 0.02777711468097471
 0.02516003974559687
 0.02492011436570769
 0.02537224664865091
 0.02454409297570339
 0.02366239421529443
 0.02384525319639058
 0.02598468010193652
 0.02638962106586511
 0.02599158517674494
 0.02557993158708617
 0.02386068104644118
 0.02630699716805447
 0.02491144516080986
 0.02581426156216666
 0.02374669661237211
 0.0248463297088324
 0.02572979790048922
 0.02388233866270162
 0.0248830886346531
 0.02578783627992121
 0.02583166467729028
 0.02529897428750861
 0.02704769121385365
 0.02213117484454863
 0.02499351115789833
 0.02635701993777003
 0.02342722561465604
 0.02629388522071321
 0.02499824993874523
 0.02611938169252837
 0.02485751596600031
 0.02608117328649207
 0.02511732668896071
 0.02412215579089025
 0.02450699696005224
 0.02872797243106484
 0.0262599485909635
 0.02513404861935286
 0.02464474791918111
 0.02613296003134708
 0.02634089026589538
 0.02574413331227219
 0.02505694314955443
 0.02590234738397265
 0.02378841945148879
 0.02337071030157183
 0.02651336266866229
 0.02610689755601045
 0.02698318179903821
 0.02827168901922903
 0.02499076029255676
 0.02519238178497639
 0.02579371241213632
 0.02514490206781385


