# Created by Octave 4.0.0, Sat May 02 19:13:38 2020 EEST <li9i@spell>
# name: errors
# type: matrix
# rows: 28
# columns: 1
 0.09321617670127659
 0.04920769891775058
 0.09442907674182888
 0.07966578773847947
 0.05402833786168639
 0.0901871038385513
 0.09657564766943957
 0.04275843625087498
 0.0853395738043877
 0.1863113491218294
 0.07707054398085746
 0.06508190318867461
 0.05570470143476944
 0.05616716129574825
 0.08062291470137914
 0.07417003632357419
 0.07836138802552337
 0.09809472734108449
 0.05831052624875511
 0.0486253226484037
 0.06659674139306977
 0.09132863073842569
 0.2544441874269132
 0.04909679263569018
 0.07315700350982389
 0.08110799459727078
 0.07281112586396035
 0.05693757534248916


