# Created by Octave 4.0.0, Mon Jun 29 12:52:28 2020 EEST <li9i@spell>
# name: errors
# type: matrix
# rows: 100
# columns: 1
 0.2385401014504676
 0.2380059873196455
 0.2391878968509895
 0.2378308642712276
 0.2357532608470132
 0.2366892688737715
 0.2393053488746126
 0.236963457098346
 0.2386428293496378
 0.2326585480914029
 0.2362897585592734
 0.2375213674598564
 0.2386343018092748
 0.2369134863193745
 0.2399480152032924
 0.2406037821814123
 0.2387891119795869
 0.236579669456189
 0.241652167381135
 0.2349618266868049
 0.2333848752597288
 0.2342256390748018
 0.2380737700797791
 0.2393292710890154
 0.2396673736660877
 0.2385864413582624
 0.2344029223367318
 0.2389718811910713
 0.2404506810137985
 0.238472556073021
 0.2373740508143215
 0.2397712451483713
 0.2403328525191667
 0.2399480152032928
 0.2413571834439575
 0.2382624813100053
 0.2372683080396534
 0.2363837980911551
 0.2380390724229954
 0.2413884007155279
 0.2364636124227141
 0.2399638514443374
 0.2384203221204081
 0.2401447271959147
 0.2387790819984023
 0.2380697796865444
 0.2412931826637455
 0.2372366961496469
 0.2394017961503197
 0.2431096254778888
 0.2361271691271452
 0.2339467674493486
 0.2422829956889251
 0.234176877594692
 0.2424185636456086
 0.2391401262858247
 0.2404609947579865
 0.2391203253594308
 0.2402461446100651
 0.2358321648969864
 0.2368554411450142
 0.2396439024886698
 0.2359712906266344
 0.2359712906266344
 0.2407372841917089
 0.2414685486766348
 0.2404753833555513
 0.2349030651141021
 0.2380588372650752
 0.2387018223642215
 0.2422359387043967
 0.2379385634990668
 0.2412098878570285
 0.2388094637990712
 0.2385864413582624
 0.237671916725557
 0.2417844080994475
 0.2402731778621998
 0.2366126370251584
 0.2392082356441763
 0.2368438515140287
 0.2402514724200457
 0.2396014398955051
 0.240502307681237
 0.2352888437644235
 0.2339673908902686
 0.2373258098058454
 0.237879339161683
 0.2422899089933382
 0.2400180409885888
 0.2404940123994782
 0.2411858412096375
 0.2380921250272671
 0.2405615513751103
 0.2405469808582114
 0.2378458534429387
 0.238259459413471
 0.2356767701747473
 0.2390556629741277
 0.2377973086475115


