rx = [];
ry = [];
rx = [rx 0];
ry = [ry 0];
rx = [rx -2.41199];
ry = [ry -0.00750611];
rx = [rx -2.41095];
ry = [ry -0.0150061];
rx = [rx -2.3979];
ry = [ry -0.0223872];
rx = [rx -2.38682];
ry = [ry -0.0297126];
rx = [rx 0];
ry = [ry 0];
rx = [rx -2.38358];
ry = [ry -0.0445118];
rx = [rx -2.36844];
ry = [ry -0.0516027];
rx = [rx -2.36827];
ry = [ry -0.0589727];
rx = [rx -2.37307];
ry = [ry -0.0664826];
rx = [rx -2.36086];
ry = [ry -0.0734941];
rx = [rx 0];
ry = [ry 0];
rx = [rx -1.51494];
ry = [ry -0.0566009];
rx = [rx 0];
ry = [ry 0];
rx = [rx -1.50757];
ry = [ry -0.0657237];
rx = [rx -1.50536];
ry = [ry -0.0703218];
rx = [rx 0];
ry = [ry 0];
rx = [rx -1.49491];
ry = [ry -0.0791608];
rx = [rx -1.49365];
ry = [ry -0.0837567];
rx = [rx -1.4854];
ry = [ry -0.0879319];
rx = [rx -1.47813];
ry = [ry -0.0921187];
rx = [rx -1.48283];
ry = [ry -0.0970448];
rx = [rx -1.4885];
ry = [ry -0.102069];
rx = [rx -1.49516];
ry = [ry -0.107202];
rx = [rx -1.47089];
ry = [ry -0.110063];
rx = [rx -1.47154];
ry = [ry -0.114718];
rx = [rx -1.45921];
ry = [ry -0.118327];
rx = [rx -1.45983];
ry = [ry -0.122951];
rx = [rx -1.46044];
ry = [ry -0.127581];
rx = [rx -1.45705];
ry = [ry -0.131855];
rx = [rx -1.45563];
ry = [ry -0.136295];
rx = [rx -1.43729];
ry = [ry -0.139091];
rx = [rx -1.43685];
ry = [ry -0.143563];
rx = [rx -1.45131];
ry = [ry -0.149571];
rx = [rx -1.45979];
ry = [ry -0.155038];
rx = [rx -1.46825];
ry = [ry -0.160558];
rx = [rx -1.46476];
ry = [ry -0.164791];
rx = [rx -1.48311];
ry = [ry -0.171532];
rx = [rx -1.48555];
ry = [ry -0.1765];
rx = [rx -1.49393];
ry = [ry -0.182212];
rx = [rx -1.539];
ry = [ry -0.192572];
rx = [rx -1.54038];
ry = [ry -0.197615];
rx = [rx -1.54273];
ry = [ry -0.202798];
rx = [rx -1.552];
ry = [ry -0.208933];
rx = [rx -1.56917];
ry = [ry -0.216219];
rx = [rx -1.57542];
ry = [ry -0.222078];
rx = [rx -1.58957];
ry = [ry -0.229119];
rx = [rx -1.59578];
ry = [ry -0.235085];
rx = [rx -1.60394];
ry = [ry -0.24139];
rx = [rx -1.61207];
ry = [ry -0.247747];
rx = [rx -1.62117];
ry = [ry -0.254313];
rx = [rx -1.61939];
ry = [ry -0.259198];
rx = [rx -1.63831];
ry = [ry -0.267459];
rx = [rx -1.65621];
ry = [ry -0.275676];
rx = [rx -1.66718];
ry = [ry -0.282836];
rx = [rx -1.6722];
ry = [ry -0.289045];
rx = [rx -1.67819];
ry = [ry -0.295461];
rx = [rx -1.67529];
ry = [ry -0.300329];
rx = [rx -1.68222];
ry = [ry -0.306978];
rx = [rx -1.69404];
ry = [ry -0.314585];
rx = [rx -1.70582];
ry = [ry -0.322269];
rx = [rx -1.72544];
ry = [ry -0.331538];
rx = [rx -1.7293];
ry = [ry -0.337865];
rx = [rx -1.73413];
ry = [ry -0.344414];
rx = [rx -1.72619];
ry = [ry -0.348424];
rx = [rx -1.74958];
ry = [ry -0.358817];
rx = [rx -1.77];
ry = [ry -0.368746];
rx = [rx -1.77862];
ry = [ry -0.376323];
rx = [rx 0];
ry = [ry 0];
rx = [rx -1.78797];
ry = [ry -0.389943];
rx = [rx 0];
ry = [ry 0];
rx = [rx -1.8099];
ry = [ry -0.406543];
rx = [rx -1.80375];
ry = [ry -0.411062];
rx = [rx -1.8278];
ry = [ry -0.422529];
rx = [rx -1.8401];
ry = [ry -0.431411];
rx = [rx -1.84945];
ry = [ry -0.43968];
rx = [rx -1.87335];
ry = [ry -0.451525];
rx = [rx -1.87583];
ry = [ry -0.458302];
rx = [rx -1.87827];
ry = [ry -0.465099];
rx = [rx -1.89912];
ry = [ry -0.47654];
rx = [rx -1.91023];
ry = [ry -0.485651];
rx = [rx -1.9213];
ry = [ry -0.494836];
rx = [rx -1.94588];
ry = [ry -0.507628];
rx = [rx -1.96942];
ry = [ry -0.520322];
rx = [rx -1.96586];
ry = [ry -0.525932];
rx = [rx -1.96229];
ry = [ry -0.531524];
rx = [rx -1.95002];
ry = [ry -0.534719];
rx = [rx -1.96183];
ry = [ry -0.54453];
rx = [rx -1.95339];
ry = [ry -0.548739];
rx = [rx -1.94879];
ry = [ry -0.553995];
rx = [rx -1.94033];
ry = [ry -0.558122];
rx = [rx -1.93186];
ry = [ry -0.562202];
rx = [rx 0];
ry = [ry 0];
rx = [rx -1.93407];
ry = [ry -0.575927];
rx = [rx -1.92652];
ry = [ry -0.580213];
rx = [rx -1.91227];
ry = [ry -0.582418];
rx = [rx -1.91141];
ry = [ry -0.58866];
rx = [rx -1.91434];
ry = [ry -0.596093];
rx = [rx -1.90008];
ry = [ry -0.598144];
rx = [rx -1.89916];
ry = [ry -0.604357];
rx = [rx -1.89917];
ry = [ry -0.610876];
rx = [rx -1.89726];
ry = [ry -0.616784];
rx = [rx -1.88298];
ry = [ry -0.618628];
rx = [rx -1.87535];
ry = [ry -0.622594];
rx = [rx -1.87815];
ry = [ry -0.630017];
rx = [rx -1.87523];
ry = [ry -0.635538];
rx = [rx -1.86473];
ry = [ry -0.638456];
rx = [rx -1.85423];
ry = [ry -0.641314];
rx = [rx -1.85222];
ry = [ry -0.647081];
rx = [rx -1.86152];
ry = [ry -0.656835];
rx = [rx -1.85193];
ry = [ry -0.659939];
rx = [rx -1.84892];
ry = [ry -0.665361];
rx = [rx -1.84684];
ry = [ry -0.671112];
rx = [rx -1.83818];
ry = [ry -0.674445];
rx = [rx 0];
ry = [ry 0];
rx = [rx -1.82739];
ry = [ry -0.68342];
rx = [rx 0];
ry = [ry 0];
rx = [rx -1.82216];
ry = [ry -0.694425];
rx = [rx 0];
ry = [ry 0];
rx = [rx -1.80755];
ry = [ry -0.701771];
rx = [rx -1.80629];
ry = [ry -0.707758];
rx = [rx -1.80687];
ry = [ry -0.714479];
rx = [rx -1.80835];
ry = [ry -0.721581];
rx = [rx -1.80053];
ry = [ry -0.724964];
rx = [rx -1.79271];
ry = [ry -0.728305];
rx = [rx -1.78488];
ry = [ry -0.731605];
rx = [rx -1.78352];
ry = [ry -0.737538];
rx = [rx -1.77475];
ry = [ry -0.74039];
rx = [rx -1.7706];
ry = [ry -0.745134];
rx = [rx -1.76735];
ry = [ry -0.750249];
rx = [rx -1.76501];
ry = [ry -0.755746];
rx = [rx -1.76724];
ry = [ry -0.763217];
rx = [rx -1.76119];
ry = [ry -0.767116];
rx = [rx -1.76337];
ry = [ry -0.774604];
rx = [rx -1.76003];
ry = [ry -0.779683];
rx = [rx -1.75486];
ry = [ry -0.783933];
rx = [rx -1.75059];
ry = [ry -0.788569];
rx = [rx -1.75177];
ry = [ry -0.795667];
rx = [rx -1.74019];
ry = [ry -0.796951];
rx = [rx -1.73952];
ry = [ry -0.803201];
rx = [rx -1.72432];
ry = [ry -0.802702];
rx = [rx -1.72091];
ry = [ry -0.807639];
rx = [rx -1.71838];
ry = [ry -0.812991];
rx = [rx -1.71404];
ry = [ry -0.817474];
rx = [rx -1.71149];
ry = [ry -0.822804];
rx = [rx -1.71432];
ry = [ry -0.830743];
rx = [rx -1.70364];
ry = [ry -0.832124];
rx = [rx -1.70373];
ry = [ry -0.838747];
rx = [rx -1.69484];
ry = [ry -0.840933];
rx = [rx -1.68596];
ry = [ry -0.843073];
rx = [rx -1.68333];
ry = [ry -0.848315];
rx = [rx -1.68157];
ry = [ry -0.854003];
rx = [rx -1.68335];
ry = [ry -0.86151];
rx = [rx -1.67622];
ry = [ry -0.864452];
rx = [rx -1.66376];
ry = [ry -0.864592];
rx = [rx -1.66106];
ry = [ry -0.869766];
rx = [rx -1.65835];
ry = [ry -0.874931];
rx = [rx -1.6565];
ry = [ry -0.880557];
rx = [rx -1.65992];
ry = [ry -0.889012];
rx = [rx -1.65979];
ry = [ry -0.895598];
rx = [rx -1.64557];
ry = [ry -0.894551];
rx = [rx -1.64103];
ry = [ry -0.898707];
rx = [rx -1.63822];
ry = [ry -0.903809];
rx = [rx -1.6354];
ry = [ry -0.908903];
rx = [rx -1.62471];
ry = [ry -0.909591];
rx = [rx -1.6332];
ry = [ry -0.921029];
rx = [rx -1.63032];
ry = [ry -0.926107];
rx = [rx -1.62136];
ry = [ry -0.9277];
rx = [rx -1.62279];
ry = [ry -0.935238];
rx = [rx -1.61382];
ry = [ry -0.936769];
rx = [rx -1.60486];
ry = [ry -0.938254];
rx = [rx -1.60279];
ry = [ry -0.943751];
rx = [rx -1.59898];
ry = [ry -0.948224];
rx = [rx -1.60375];
ry = [ry -0.957811];
rx = [rx -1.59562];
ry = [ry -0.959704];
rx = [rx -1.59263];
ry = [ry -0.964665];
rx = [rx -1.59047];
ry = [ry -0.970138];
rx = [rx -1.5883];
ry = [ry -0.975606];
rx = [rx -1.58951];
ry = [ry -0.983174];
rx = [rx 0];
ry = [ry 0];
rx = [rx -1.5842];
ry = [ry -0.99358];
rx = [rx -1.57096];
ry = [ry -0.992098];
rx = [rx -1.56871];
ry = [ry -0.997518];
rx = [rx -1.56307];
ry = [ry -1.00078];
rx = [rx -1.56163];
ry = [ry -1.00672];
rx = [rx -1.561];
ry = [ry -1.01321];
rx = [rx -1.55617];
ry = [ry -1.01697];
rx = [rx -1.53963];
ry = [ry -1.01301];
rx = [rx -1.54981];
ry = [ry -1.02663];
rx = [rx -1.53995];
ry = [ry -1.02701];
rx = [rx -1.54339];
ry = [ry -1.03626];
rx = [rx -1.53353];
ry = [ry -1.03658];
rx = [rx -1.52451];
ry = [ry -1.03741];
rx = [rx -1.53365];
ry = [ry -1.05062];
rx = [rx -1.5172];
ry = [ry -1.04631];
rx = [rx -1.52461];
ry = [ry -1.05844];
rx = [rx -1.51394];
ry = [ry -1.05802];
rx = [rx -1.51636];
ry = [ry -1.06676];
rx = [rx -1.5114];
ry = [ry -1.07031];
rx = [rx -1.50725];
ry = [ry -1.07443];
