vx = [];
vy = [];
vx = [vx -6.62284];
vy = [vy 5.78987e-07];
vx = [vx -6.62936];
vy = [vy -0.0206306];
vx = [vx -6.63016];
vy = [vy -0.0412671];
vx = [vx -6.65574];
vy = [vy -0.0621392];
vx = [vx -6.66286];
vy = [vy -0.0829435];
vx = [vx -6.64887];
vy = [vy -0.103465];
vx = [vx -6.68799];
vy = [vy -0.124894];
vx = [vx -6.72446];
vy = [vy -0.14651];
vx = [vx -6.7117];
vy = [vy -0.167129];
vx = [vx -6.74083];
vy = [vy -0.188848];
vx = [vx -6.77608];
vy = [vy -0.210941];
vx = [vx -6.73609];
vy = [vy -0.230682];
vx = [vx -6.74242];
vy = [vy -0.251908];
vx = [vx -6.74923];
vy = [vy -0.273197];
vx = [vx -6.75098];
vy = [vy -0.294315];
vx = [vx -6.77982];
vy = [vy -0.316715];
vx = [vx -6.80499];
vy = [vy -0.339117];
vx = [vx -6.79139];
vy = [vy -0.359629];
vx = [vx -6.79664];
vy = [vy -0.381122];
vx = [vx -6.79579];
vy = [vy -0.402293];
vx = [vx -5.22289];
vy = [vy -0.325496];
vx = [vx -5.14986];
vy = [vy -0.337037];
vx = [vx -5.11344];
vy = [vy -0.350637];
vx = [vx -5.08285];
vy = [vy -0.364436];
vx = [vx -5.0932];
vy = [vy -0.381113];
vx = [vx -5.0412];
vy = [vy -0.393002];
vx = [vx -5.02308];
vy = [vy -0.407321];
vx = [vx -5.02179];
vy = [vy -0.422949];
vx = [vx -5.01163];
vy = [vy -0.437806];
vx = [vx -4.999];
vy = [vy -0.452382];
vx = [vx -4.87871];
vy = [vy -0.456808];
vx = [vx -4.85656];
vy = [vy -0.469985];
vx = [vx -4.88757];
vy = [vy -0.488342];
vx = [vx -4.90537];
vy = [vy -0.505545];
vx = [vx -4.88908];
vy = [vy -0.519247];
vx = [vx -4.90094];
vy = [vy -0.535937];
vx = [vx -4.87874];
vy = [vy -0.548879];
vx = [vx -4.77619];
vy = [vy -0.552397];
vx = [vx -4.7674];
vy = [vy -0.566421];
vx = [vx -4.73841];
vy = [vy -0.577937];
vx = [vx -4.77358];
vy = [vy -0.597309];
vx = [vx -4.77291];
vy = [vy -0.612317];
vx = [vx -4.82055];
vy = [vy -0.633683];
vx = [vx -4.80566];
vy = [vy -0.646946];
vx = [vx -4.81777];
vy = [vy -0.663848];
vx = [vx -4.82275];
vy = [vy -0.679835];
vx = [vx -4.87011];
vy = [vy -0.701972];
vx = [vx -4.86571];
vy = [vy -0.716803];
vx = [vx -4.89085];
vy = [vy -0.736064];
vx = [vx -4.85338];
vy = [vy -0.74588];
vx = [vx -4.86889];
vy = [vy -0.76378];
vx = [vx -4.85451];
vy = [vy -0.77701];
vx = [vx -4.85207];
vy = [vy -0.792114];
vx = [vx -4.88606];
vy = [vy -0.813283];
vx = [vx -4.91089];
vy = [vy -0.83313];
vx = [vx -4.88921];
vy = [vy -0.845114];
vx = [vx -4.89319];
vy = [vy -0.861492];
vx = [vx -4.9397];
vy = [vy -0.885538];
vx = [vx -4.93692];
vy = [vy -0.900907];
vx = [vx -4.94783];
vy = [vy -0.918818];
vx = [vx -4.93243];
vy = [vy -0.931848];
vx = [vx -4.95031];
vy = [vy -0.951189];
vx = [vx -4.94247];
vy = [vy -0.965641];
vx = [vx -4.94396];
vy = [vy -0.981915];
vx = [vx -4.96658];
vy = [vy -1.00248];
vx = [vx -4.9528];
vy = [vy -1.01575];
vx = [vx -4.99561];
vy = [vy -1.04074];
vx = [vx -4.97755];
vy = [vy -1.05315];
vx = [vx -5.02313];
vy = [vy -1.07914];
vx = [vx -5.05339];
vy = [vy -1.10211];
vx = [vx -5.07017];
vy = [vy -1.12231];
vx = [vx -5.06623];
vy = [vy -1.13798];
vx = [vx -5.07056];
vy = [vy -1.15554];
vx = [vx -5.04994];
vy = [vy -1.16739];
vx = [vx -4.96443];
vy = [vy -1.16391];
vx = [vx -4.97235];
vy = [vy -1.1821];
vx = [vx -4.93926];
vy = [vy -1.19049];
vx = [vx -4.90111];
vy = [vy -1.19744];
vx = [vx -4.92233];
vy = [vy -1.21887];
vx = [vx -3.97422];
vy = [vy -0.997237];
vx = [vx -3.97535];
vy = [vy -1.01068];
vx = [vx -3.93486];
vy = [vy -1.01343];
vx = [vx -4.85127];
vy = [vy -1.26557];
vx = [vx -4.75068];
vy = [vy -1.25513];
vx = [vx -3.9537];
vy = [vy -1.05774];
vx = [vx -3.97032];
vy = [vy -1.07544];
vx = [vx -3.95973];
vy = [vy -1.08581];
vx = [vx -3.9492];
vy = [vy -1.09615];
vx = [vx -3.94577];
vy = [vy -1.10843];
vx = [vx -3.97454];
vy = [vy -1.12987];
vx = [vx -3.98255];
vy = [vy -1.14555];
vx = [vx -4.00992];
vy = [vy -1.16695];
vx = [vx -3.9984];
vy = [vy -1.17711];
vx = [vx -4.04264];
vy = [vy -1.20382];
vx = [vx -4.0565];
vy = [vy -1.2217];
vx = [vx -4.08374];
vy = [vy -1.24378];
vx = [vx -4.07985];
vy = [vy -1.25648];
vx = [vx -4.08183];
vy = [vy -1.27101];
vx = [vx -4.12435];
vy = [vy -1.29835];
vx = [vx -4.13491];
vy = [vy -1.31583];
vx = [vx -4.13075];
vy = [vy -1.32867];
vx = [vx -4.44331];
vy = [vy -1.44448];
vx = [vx -4.40576];
vy = [vy -1.44745];
vx = [vx -4.3918];
vy = [vy -1.45802];
vx = [vx -4.38504];
vy = [vy -1.47094];
vx = [vx -4.17148];
vy = [vy -1.41376];
vx = [vx -4.1655];
vy = [vy -1.42621];
vx = [vx -4.17369];
vy = [vy -1.44354];
vx = [vx -4.14965];
vy = [vy -1.44969];
vx = [vx -4.18326];
vy = [vy -1.47606];
vx = [vx -4.2817];
vy = [vy -1.52579];
vx = [vx -4.2302];
vy = [vy -1.5223];
vx = [vx -4.24483];
vy = [vy -1.5425];
vx = [vx -4.24001];
vy = [vy -1.5557];
vx = [vx -4.201];
vy = [vy -1.55624];
vx = [vx -4.1817];
vy = [vy -1.56391];
vx = [vx -4.18021];
vy = [vy -1.5782];
vx = [vx -4.17528];
vy = [vy -1.5912];
vx = [vx -4.12041];
vy = [vy -1.58499];
vx = [vx -4.09565];
vy = [vy -1.59011];
vx = [vx -4.07634];
vy = [vy -1.59723];
vx = [vx -4.07135];
vy = [vy -1.60991];
vx = [vx -4.07186];
vy = [vy -1.62478];
vx = [vx -4.04336];
vy = [vy -1.62802];
vx = [vx -4.0128];
vy = [vy -1.63024];
vx = [vx -4.01337];
vy = [vy -1.64504];
vx = [vx -4.0176];
vy = [vy -1.6614];
vx = [vx -4.00471];
vy = [vy -1.67068];
vx = [vx -3.99716];
vy = [vy -1.68216];
vx = [vx -3.95112];
vy = [vy -1.67727];
vx = [vx -3.04497];
vy = [vy -1.30381];
vx = [vx -3.07351];
vy = [vy -1.32736];
vx = [vx -3.05635];
vy = [vy -1.33125];
vx = [vx -3.05219];
vy = [vy -1.34075];
vx = [vx -3.09372];
vy = [vy -1.3705];
vx = [vx -3.06842];
vy = [vy -1.37073];
vx = [vx -3.06414];
vy = [vy -1.38027];
vx = [vx -3.05983];
vy = [vy -1.3898];
vx = [vx -3.05732];
vy = [vy -1.40015];
vx = [vx -3.03732];
vy = [vy -1.40244];
vx = [vx -3.03294];
vy = [vy -1.41189];
vx = [vx -3.02853];
vy = [vy -1.42132];
vx = [vx -3.0241];
vy = [vy -1.43074];
vx = [vx -3.00921];
vy = [vy -1.43517];
vx = [vx -3.00504];
vy = [vy -1.44468];
vx = [vx -3.11425];
vy = [vy -1.50913];
vx = [vx -3.13902];
vy = [vy -1.53322];
vx = [vx -3.0943];
vy = [vy -1.52332];
vx = [vx -3.08955];
vy = [vy -1.53294];
vx = [vx -3.08735];
vy = [vy -1.54385];
vx = [vx -3.08253];
vy = [vy -1.55345];
vx = [vx -3.0498];
vy = [vy -1.54887];
vx = [vx -3.07383];
vy = [vy -1.57313];
vx = [vx -3.06892];
vy = [vy -1.58269];
vx = [vx -3.05125];
vy = [vy -1.58562];
vx = [vx -3.07026];
vy = [vy -1.60765];
vx = [vx -3.09862];
vy = [vy -1.63481];
vx = [vx -3.10113];
vy = [vy -1.64849];
vx = [vx -3.15361];
vy = [vy -1.68899];
vx = [vx -3.14825];
vy = [vy -1.69875];
vx = [vx -3.18879];
vy = [vy -1.73346];
vx = [vx -3.17207];
vy = [vy -1.73718];
vx = [vx -3.19994];
vy = [vy -1.76541];
vx = [vx -2.84498];
vy = [vy -1.58114];
vx = [vx -2.84004];
vy = [vy -1.58999];
vx = [vx -2.83508];
vy = [vy -1.59882];
vx = [vx -2.78661];
vy = [vy -1.58294];
vx = [vx -2.78168];
vy = [vy -1.5916];
vx = [vx -2.77671];
vy = [vy -1.60025];
vx = [vx -2.77584];
vy = [vy -1.61128];
vx = [vx -2.77081];
vy = [vy -1.61991];
vx = [vx -2.7658];
vy = [vy -1.62855];
vx = [vx -2.72458];
vy = [vy -1.61572];
vx = [vx -2.73182];
vy = [vy -1.63153];
vx = [vx -2.72673];
vy = [vy -1.64002];
vx = [vx -2.72161];
vy = [vy -1.6485];
vx = [vx -2.71647];
vy = [vy -1.65696];
vx = [vx -2.7144];
vy = [vy -1.66731];
vx = [vx -2.7092];
vy = [vy -1.67575];
vx = [vx -2.68969];
vy = [vy -1.67528];
vx = [vx -2.67603];
vy = [vy -1.67835];
vx = [vx -2.6708];
vy = [vy -1.68667];
vx = [vx -2.66553];
vy = [vy -1.69498];
vx = [vx -2.65916];
vy = [vy -1.70257];
vx = [vx -2.62898];
vy = [vy -1.6948];
vx = [vx -2.6237];
vy = [vy -1.70298];
vx = [vx -2.61838];
vy = [vy -1.71113];
vx = [vx -2.61304];
vy = [vy -1.71927];
vx = [vx -2.60768];
vy = [vy -1.7274];
vx = [vx -2.60229];
vy = [vy -1.7355];
vx = [vx -2.5896];
vy = [vy -1.73871];
vx = [vx -2.58418];
vy = [vy -1.74676];
vx = [vx -2.57873];
vy = [vy -1.75479];
vx = [vx -2.53103];
vy = [vy -1.73388];
vx = [vx -2.52562];
vy = [vy -1.74175];
vx = [vx -2.52019];
vy = [vy -1.7496];
vx = [vx -2.51833];
vy = [vy -1.75995];
vx = [vx -2.51284];
vy = [vy -1.76778];
vx = [vx -2.46653];
vy = [vy -1.74669];
