# Created by Octave 4.0.0, Mon Jun 29 12:07:17 2020 EEST <li9i@spell>
# name: errors
# type: matrix
# rows: 100
# columns: 1
 0.06533888581847272
 0.09733226597588429
 0.08801255592244103
 0.06901188303474105
 0.0931830993260082
 0.09132765189142075
 0.1087266756596577
 0.09014976428144372
 0.0729638266540356
 0.06907922987410953
 0.07160446913426642
 0.06830117129303626
 0.07514792079625338
 0.06491486732637276
 0.07089936530040349
 0.05999816663865856
 0.09054131653559845
 0.07833900688673943
 0.0790727513116843
 0.06912864818583049
 0.07042116159224171
 0.07770842940119177
 0.0796950437605783
 0.0688151146188096
 0.1043276090016428
 0.07298013428323868
 0.06067569529885849
 0.06851926736327593
 0.07320382503667902
 0.06296419617528316
 0.06809471345119195
 0.06892227506401394
 0.05080629882209726
 0.06789167842968824
 0.07295382101028279
 0.1017538697052801
 0.07818874599326642
 0.08638362113271718
 0.07911573800452754
 0.08401029698792965
 0.08096418961491329
 0.08929109698060465
 0.08524441330668242
 0.09319983905565551
 0.08667225623001162
 0.1065621414950005
 0.07444568489845654
 0.06640188250343856
 0.0784571857767027
 0.08510475897387046
 0.07516515149988345
 0.1057835998631186
 0.0744099455718142
 0.08600802288159141
 0.05356510057863619
 0.07506324000467733
 0.09328435024161306
 0.07286158109731082
 0.07389756423591215
 0.06059191365190384
 0.07133140963138411
 0.07428068389561092
 0.08794799599763571
 0.06684137939929118
 0.08806185326235166
 0.07309418581529067
 0.07240062154429845
 0.06485260210662361
 0.08069659224527115
 0.06551244156646685
 0.06960703987385662
 0.06744130781650272
 0.06554975209716707
 0.0870462520732519
 0.1050929112737868
 0.06739176507556516
 0.08689585720850547
 0.08462936842491964
 0.09366845787137246
 0.0789193258967682
 0.06481249879460287
 0.07430242257154439
 0.08097734251011678
 0.1054549192783335
 0.05515523547225657
 0.06028465808147144
 0.08218637356642479
 0.06077738066090344
 0.09874462010661679
 0.1053956830235461
 0.07764238533172953
 0.08313080054949516
 0.07476931188663324
 0.0927927798915366
 0.09240806241881715
 0.07682109085401655
 0.06714074768722732
 0.08556547200828704
 0.07376021963091105
 0.07266264514865853


