# Created by Octave 4.0.0, Mon Jun 29 12:52:03 2020 EEST <li9i@spell>
# name: errors
# type: matrix
# rows: 38
# columns: 1
 0.09290134552308722
 0.09260134988217054
 0.09322365579615816
 0.09272852851199638
 0.09301376242255763
 0.09140087526933223
 0.09231061694084974
 0.09350647036435736
 0.09290774994584704
 0.09330434073504043
 0.09501184136727622
 0.09411360156746834
 0.09390021299230512
 0.09272157246293943
 0.113394885246205
 0.09342590647138771
 0.1132258804337597
 0.113593837861042
 0.09260134988217054
 0.09390340781888731
 0.09330192924050675
 0.1126517199158558
 0.09380767559214072
 0.1134686300261001
 0.09391363053359329
 0.0935090369964339
 0.09280344821179912
 0.1147188737741096
 0.09340192717498116
 0.0926156034370028
 0.09330905636646707
 0.09290263720691699
 0.09292604586444017
 0.09300537618869135
 0.09290193754707185
 0.11188923093846
 0.0932105144283657
 0.09290134552308722


