# Created by Octave 4.0.0, Mon Jun 29 12:07:09 2020 EEST <li9i@spell>
# name: errors
# type: matrix
# rows: 100
# columns: 1
 0.07695037361833887
 0.07695037361833887
 0.07514532586928901
 0.07542691827193848
 0.07514532586928901
 0.07689895968086954
 0.07390324756058436
 0.07522240357767107
 0.07573546065088391
 0.07689895968086954
 0.07542691827193848
 0.1251230194648486
 0.07695037361833887
 0.1251230194648486
 0.07573546065088391
 0.07514532586928901
 0.07522240357767107
 0.07542691827193848
 0.07514532586928901
 0.07689895968086954
 0.07522240357767107
 0.07689895968086954
 0.1251230194648486
 0.07695037361833887
 0.1251230194648486
 0.07702986433845238
 0.07702986433845238
 0.07563716017937734
 0.07542784631686633
 0.07563716017937734
 0.07519607702533776
 0.07759278316957174
 0.07505071618579355
 0.07524852158016206
 0.07390324756058436
 0.07542784631686633
 0.07519607702533776
 0.07660926836878455
 0.0760040130519556
 0.07614492760519836
 0.07759278316957174
 0.07576344765124053
 0.07505071618579355
 0.07524852158016206
 0.07627745407393317
 0.07573546065088391
 0.07660926836878455
 0.07582829287278724
 0.07513215024209149
 0.0760040130519556
 0.07358396564471235
 0.07813533131689707
 0.07614492760519836
 0.07440174729132307
 0.07576344765124053
 0.07627745407393317
 0.07542691827193848
 0.07376211764857155
 0.07582829287278724
 0.07541889683627938
 0.07780616942120311
 0.07513215024209149
 0.07358396564471235
 0.07426991315466341
 0.0763550915132801
 0.07813533131689707
 0.07609421791438384
 0.07573546065088391
 0.07788517188786583
 0.07695037361833887
 0.07440174729132307
 0.07376211764857155
 0.07702986433845238
 0.07702986433845238
 0.07541889683627938
 0.07563716017937734
 0.07390324756058436
 0.07542784631686633
 0.07514532586928901
 0.07563716017937734
 0.07780616942120311
 0.07519607702533776
 0.07759278316957174
 0.07426991315466341
 0.07695037361833887
 0.07505071618579355
 0.0763550915132801
 0.07524852158016206
 0.07542784631686633
 0.07522240357767107
 0.07609421791438384
 0.07390324756058436
 0.07519607702533776
 0.07788517188786583
 0.07573546065088391
 0.07660926836878455
 0.07542691827193848
 0.0760040130519556
 0.07614492760519836
 0.07573546065088391


