# Created by Octave 4.0.0, Mon Jun 29 12:52:15 2020 EEST <li9i@spell>
# name: errors
# type: matrix
# rows: 51
# columns: 1
 0.1473221300416201
 0.1472330465622458
 0.1476455891654091
 0.1513885068292851
 0.135978123240472
 0.1615450401590867
 0.1368716552102758
 0.1550143219189768
 0.1487059178378598
 0.1301848685523784
 0.187276533500598
 0.1523471365008239
 0.1552227431789583
 0.158999685534282
 0.1538722847039087
 0.1482581532327999
 0.1538134259419542
 0.1383562430828513
 0.1423826534378405
 0.150517274756093
 0.1448790530062947
 0.1474618594755944
 0.1428854436253049
 0.1475460944925385
 0.1470399265505809
 0.1429962586923182
 0.1424017204952242
 0.1357751081752495
 0.1596474240318349
 0.1596579155569809
 0.1537416664408223
 0.1478715658941934
 0.1405159065728889
 0.1508800848356107
 0.1361255670327986
 0.1366347686352214
 0.140775175368387
 0.1567823012970529
 0.1300821663411259
 0.1464959043796111
 0.1534783372336331
 0.1444205664024364
 0.1320207938167312
 0.1412368577956931
 0.1414895049111438
 0.1590997171587707
 0.1318264389263421
 0.1396269673093281
 0.1513690192873048
 0.1403157154420008
 0.142393820090623


