# Created by Octave 4.0.0, Mon Jun 29 12:07:49 2020 EEST <li9i@spell>
# name: errors
# type: matrix
# rows: 20
# columns: 1
 0.1294341917732717
 0.1301079936053158
 0.1290801688874023
 0.1302015744912512
 0.1274134215850121
 0.1289317648991107
 0.1288506887835716
 0.1288099375048355
 0.1309944273623864
 0.128369778374818
 0.1293938561138034
 0.1290538647232229
 0.1280957454406666
 0.129922476885254
 0.1277125679015214
 0.1266327366836891
 0.1281893911367084
 0.1302433491584121
 0.1276052114923209
 0.1285330307741953


