# Created by Octave 4.0.0, Fri Jun 12 11:16:09 2020 EEST <li9i@spell>
# name: errors
# type: matrix
# rows: 100
# columns: 1
 0.1776386564095667
 0.1732054615689549
 0.1557928494138576
 0.1855068138075706
 0.1581125791829293
 0.1522834390781919
 0.1754620994951781
 0.1599589555109179
 0.1366379230539546
 0.1575017018914696
 0.1532004343244456
 0.1522834392715431
 0.1518774915315927
 0.1567672032330083
 0.1463337769860051
 0.1560867975174576
 0.137076227538774
 0.172426363574071
 0.1344077462943786
 0.1703133077416336
 0.172579807259387
 0.1430840749658066
 0.164301830831013
 0.1588299158101589
 0.1719689559681518
 0.1554288933166164
 0.1630103627357971
 0.1603529912576559
 0.1639888170070193
 0.1511971896796631
 0.1624108601316477
 0.1696628747002159
 0.1563532297105738
 0.1353888792264812
 0.1463606715363645
 0.1463606707562593
 0.159704138387096
 0.1463606677257356
 0.1776386578067331
 0.1893345672592738
 0.166424677252545
 0.1596321031599106
 0.1613353737682511
 0.1797836809293011
 0.1512334143088132
 0.1880812916781462
 0.1618256771468821
 0.1588299359240126
 0.1510837792724827
 0.1390694164589688
 0.1812441782686057
 0.1532004379898431
 0.193323619400126
 0.1703133030412664
 0.1532004326453698
 0.1926899669803205
 0.1380972932936599
 0.1755828655760279
 0.1652559603180258
 0.2083101267516316
 0.1548474047828207
 0.1709323041108272
 0.1432642498587179
 0.1722010613288659
 0.1432642391321473
 0.1579512894535084
 0.1771851612958953
 0.1731074569268859
 0.1373851592968716
 0.1631375332952139
 0.1739702940119772
 0.1642690468421058
 0.1745209550673707
 0.1629990859376156
 0.1624108458594246
 0.1864028247451963
 0.183670295124903
 0.1624108437151338
 0.193840357073731
 0.1938403682395821
 0.1620210350242785
 0.1812441914698707
 0.1631200025228066
 0.1555316999074627
 0.1751650156445258
 0.1479704972628443
 0.153654850762397
 0.1703133240802265
 0.1395610685587708
 0.1537419221649403
 0.1688745815953067
 0.1474009724294326
 0.1893401501674249
 0.1872940252982631
 0.147425147761588
 0.1377373781097948
 0.1427743888767224
 0.1587995256598992
 0.1624889281523244
 0.1540988443950367


