# Created by Octave 4.0.0, Tue Mar 10 11:46:35 2020 EET <li9i@spell>
# name: errors
# type: matrix
# rows: 100
# columns: 1
 0.02641528991822842
 0.03165475444484349
 0.02011519101847947
 0.07209181574607226
 0.0348841924713346
 0.01484769864716486
 0.04879436104131726
 0.04179333274216534
 0.02406774594633554
 0.03941375980765779
 0.05242798512332875
 0.07212739147969051
 0.06984248266063228
 0.02444373304366909
 0.07215336905739816
 0.07202983058511811
 0.07207506979801129
 0.04075084686191698
 0.04075084686191698
 0.04075157684413751
 0.03549317151301991
 0.05804882941862928
 0.04002209048593407
 0.05221240220185714
 0.05380388171962737
 0.04891379318320142
 0.03491646396389712
 0.02377626023915125
 0.04499462871151522
 0.05489780217701897
 0.02410022606267322
 0.01423624879817713
 0.01351961307234744
 0.05398557770090942
 0.05480874704360583
 0.03505276183298862
 0.04499462871151522
 0.01504711215442191
 0.01487658381208617
 0.03782114406328591
 0.0350397662270867
 0.07214373411390551
 0.05252294265482969
 0.05123549383559367
 0.02469773253854816
 0.02606508005443446
 0.07202982217846174
 0.01414906360590469
 0.01521452487562996
 0.04180171251893531
 0.0351524970973706
 0.03385037244578928
 0.0247221383272721
 0.01507775229657111
 0.07269864781745121
 0.07222827194393272
 0.03353914153141502
 0.05440436738004122
 0.02481557064346614
 0.03494120488691943
 0.004706957806889267
 0.01476209683967909
 0.01411699930687808
 0.02982316416375031
 0.05261320481787431
 0.01462663985508
 0.01081816036675785
 0.04202506648024464
 0.04025489826296346
 0.07222854971883266
 0.03880808306802956
 0.05227358406308702
 0.04820353576812179
 0.04231731310888829
 0.04860373868794435
 0.02608301665738685
 0.03841564578133246
 0.02489818897113371
 0.05804882941862928
 0.05186360894483498
 0.02654180527626319
 0.02442349112002625
 0.01956591560161383
 0.004706957806889267
 0.01385515715479342
 0.06781689512054104
 0.07256752258365044
 0.03659810176118423
 0.01475585982549317
 0.03866378051037772
 0.040016715330253
 0.06801632811894436
 0.07193192281547926
 0.03944826451271209
 0.06797141627347819
 0.0526488465748779
 0.01356667320484722
 0.02177161683310842
 0.03941145458910163
 0.0421165807049596


