# Created by Octave 4.0.0, Mon Jun 29 12:57:10 2020 EEST <li9i@spell>
# name: errors
# type: matrix
# rows: 100
# columns: 1
 0.0474317404276928
 0.047562783770508
 0.04757487151848228
 0.04724256131921782
 0.04736887163528429
 0.04737879377949596
 0.04757487151848228
 0.04750321673318533
 0.04751314449707515
 0.047562783770508
 0.04738143096192915
 0.04735894952382365
 0.04735652014242647
 0.04758479694188113
 0.04737879377949596
 0.047562783770508
 0.04735894952382365
 0.04742840499110205
 0.04760464788232331
 0.04735894952382365
 0.04750321673318533
 0.04760464788232331
 0.0472623994312602
 0.04737879377949596
 0.04759256769706791
 0.04759472239650132
 0.04753755252429322
 0.04737879377949596
 0.04757271171585727
 0.007464743800023886
 0.04724256131921782
 0.04756494612632253
 0.04744167050178558
 0.04755502076542496
 0.04755502076542496
 0.04737636963719331
 0.04760464788232331
 0.04740856040843325
 0.04759256769706791
 0.0474734336234497
 0.04737879377949596
 0.04758479694188113
 0.0472623994312602
 0.04733183389643877
 0.04721280440727913
 0.0476244989474964
 0.0474734336234497
 0.04757271171585727
 0.047562783770508
 0.04744365078701285
 0.04782784230968359
 0.04737879377949596
 0.04735230089446529
 0.04738871595643809
 0.04757271171585727
 0.04756494612632253
 0.04728949566235605
 0.04759472239650132
 0.04755285585535286
 0.04757271171585727
 0.04737879377949596
 0.06283776651027589
 0.04756494612632253
 0.04740856040843325
 0.04739863816609011
 0.04759472239650132
 0.04735652014242647
 0.04752111215028581
 0.04784517112520346
 0.04727957381364627
 0.04735894952382365
 0.04741848268344349
 0.04756494612632253
 0.04771616602368597
 0.04741188036768947
 0.04759472239650132
 0.04737879377949596
 0.04759472239650132
 0.04736887163528429
 0.04740856040843325
 0.04726965199787346
 0.04721280440727913
 0.04757487151848228
 0.04760464788232331
 0.04721280440727913
 0.04735894952382365
 0.04733183389643877
 0.04737879377949596
 0.04721280440727913
 0.04739863816609011
 0.04750321673318533
 0.04759472239650132
 0.02362579310837941
 0.04759472239650132
 0.04737879377949596
 0.04737879377949596
 0.04731926140590163
 0.04774130810943474
 0.04757487151848228
 0.04758263969138353


