# Created by Octave 4.0.0, Mon Jun 29 12:07:45 2020 EEST <li9i@spell>
# name: errors
# type: matrix
# rows: 100
# columns: 1
 0.04103425398371596
 0.03107877088946811
 0.03072360655912956
 0.0222679141367157
 0.04990270533749116
 0.02600499951932309
 0.04397692576795322
 0.05181602068858533
 0.03679918477358248
 0.02831766233290154
 0.05006495780483781
 0.04343328216932806
 0.06017607498001377
 0.03716463372616546
 0.04528586976088511
 0.044459532161287
 0.03842928570764926
 0.0336026784646728
 0.03035951251255644
 0.04922194632478576
 0.02276224944947458
 0.0247832604796073
 0.05030159043211264
 0.02840792143047444
 0.02815563886684642
 0.02752816739269392
 0.04807546151624433
 0.0504048608767084
 0.02407405242164767
 0.03853323241048499
 0.04268254912724972
 0.03358764653857591
 0.04115361466505749
 0.0341470350103811
 0.02690167281044401
 0.028043180989325
 0.03153823076839089
 0.02743610759564985
 0.03154932645873956
 0.03218648784816869
 0.02926431273753245
 0.02943637205907338
 0.03247352768025782
 0.05019103505607628
 0.04798426825533573
 0.01847728335011093
 0.0178089864955869
 0.06226564060539758
 0.02767254957535189
 0.03338622470421252
 0.03880115977648611
 0.02324327859834385
 0.04120303386888252
 0.03186000627746506
 0.04182845921140652
 0.04820041493597467
 0.03339281359814131
 0.0387373205062049
 0.03382809483255299
 0.04723187483046243
 0.02799732130044419
 0.05307391072834625
 0.03169858040985594
 0.03220931542272177
 0.0347611852502215
 0.0344223764432403
 0.03118108400938576
 0.02659323222175489
 0.05203124061561477
 0.04911466176204687
 0.03246074552440519
 0.0355928363578965
 0.05038938380254319
 0.02589382165691746
 0.02948101083749106
 0.05100627412387808
 0.02976340034337729
 0.03420321622304352
 0.04800937408465103
 0.02942532922501078
 0.05762169730232115
 0.03793323081415698
 0.04902295380737426
 0.0356046345297964
 0.03209236669365646
 0.0303356226242406
 0.03787268144718682
 0.02998416248622262
 0.0454598724151325
 0.04803935886333072
 0.04601086828130884
 0.03136000637755053
 0.0527797309580125
 0.03396498196672515
 0.04888813762049055
 0.02369155967850545
 0.06583691973353972
 0.03213611675358552
 0.02826464222310489
 0.03114161203277988


