# Created by Octave 4.0.0, Mon Jun 29 12:52:09 2020 EEST <li9i@spell>
# name: errors
# type: matrix
# rows: 100
# columns: 1
 0.03689434102948572
 0.04056213628496425
 0.04943851130444833
 0.03268007955926688
 0.0403182353284466
 0.07648445855204915
 0.08108412236683754
 0.07241615841785758
 0.0761339372422048
 0.03179197382988456
 0.03754690400019872
 0.08027049582505358
 0.07982332052727674
 0.0402934932712461
 0.04338378153181249
 0.08061304174884071
 0.07670431865286537
 0.04062898472765432
 0.07917273267988341
 0.04111700864605964
 0.04308503220377204
 0.04022765342398341
 0.07737760399495551
 0.04546011548599558
 0.079284160460964
 0.07763645020220825
 0.07435247137788956
 0.06698096744598482
 0.04118242950579735
 0.04107340258610245
 0.04464449462139957
 0.0762590486434232
 0.05042372854123494
 0.04224118369553745
 0.07642240770873344
 0.07934213508596948
 0.08172048458006047
 0.03834446635435301
 0.04579224388474517
 0.0383803335055858
 0.08372364600278935
 0.07897860469772844
 0.07498123498582944
 0.04040449974941002
 0.04558826603414669
 0.07239706071381748
 0.04368160825793892
 0.08467411410815136
 0.07146105512795006
 0.06771906969236986
 0.07455356195380851
 0.07960409851257798
 0.08703764989934158
 0.04197170951962793
 0.07587255169031727
 0.07279012639087831
 0.04783254645113653
 0.04502401137171276
 0.0409344646966355
 0.03422426040106621
 0.07445788138269989
 0.04287800018657744
 0.04287026475308998
 0.0465051567033169
 0.07719995077718689
 0.08099303982441855
 0.07076323975059379
 0.07750873241125796
 0.07712033713619205
 0.06684869183462097
 0.03837981370460451
 0.08355287188361758
 0.04058470278319212
 0.07870309777893242
 0.0798143000971628
 0.06662619905112398
 0.06702808068265105
 0.04129201012302652
 0.04310490111344815
 0.07438637308002209
 0.0657175592973453
 0.03628584296939998
 0.07513833908198986
 0.06543777502330018
 0.0721551280228924
 0.04059766495748297
 0.04404931895046794
 0.03973089981362107
 0.04211405466112324
 0.04024199796232721
 0.07634062876345829
 0.04275577621795764
 0.07933523807237322
 0.04472066189134532
 0.0399757126265428
 0.06993036822439884
 0.03586727756604828
 0.06973147352523108
 0.07504912324604636
 0.03870507072723256


