# Created by Octave 4.0.0, Mon Jun 29 12:53:29 2020 EEST <li9i@spell>
# name: errors
# type: matrix
# rows: 0
# columns: 0


