# Created by Octave 4.0.0, Fri Feb 14 12:58:47 2020 EET <li9i@spell>
# name: errors
# type: matrix
# rows: 100
# columns: 1
 0.02437491871188009
 0.02058744753283968
 0.008209176253989356
 0.01077325578272599
 0.01015029830686785
 0.02091581533122593
 0.008195099555124923
 0.01235052764071409
 0.01181458283049274
 0.01005985770766968
 0.009940504616380663
 0.01181970491475002
 0.00898090575537808
 0.015284638452816
 0.01224782098901077
 0.01146431168115339
 0.009275960730599045
 0.02030890732937279
 0.009583143604674353
 0.01539651034070386
 0.01759379765422115
 0.02057970236424765
 0.01645934688458323
 0.006587846697826325
 0.009098804336891905
 0.009623733062016609
 0.01470210722183206
 0.01476492376340091
 0.01086842642900693
 0.009607774062049594
 0.01136882219574541
 0.009364838303845331
 0.01196979898602732
 0.01151932788732124
 0.01740992225795728
 0.01096223070662026
 0.009897987370743315
 0.007452448697179676
 0.02325675341921729
 0.02106121681516173
 0.01117243134510367
 0.01242578908359741
 0.01177075556070971
 0.010073401834317
 0.01081417414628992
 0.009866234123357392
 0.01186948962074931
 0.008678010442678812
 0.0163585835897344
 0.02838325339536875
 0.02104749554399641
 0.0182899231051829
 0.0203989035661471
 0.01138375251962198
 0.01157211814735702
 0.009944429938394676
 0.01890823508560993
 0.01414003221852439
 0.008114599358041532
 0.01175588007717386
 0.01147817966239024
 0.009627790461893678
 0.01846150419213905
 0.009244330780834226
 0.02425588432201748
 0.01153512989823753
 0.01395038648989477
 0.01128587952634468
 0.01134424203492997
 0.01065670761794252
 0.01178432581002807
 0.02561865941687608
 0.01224782098901077
 0.02341316631940946
 0.02953634625038361
 0.01093453606962874
 0.01067380367151796
 0.0176425223173407
 0.0102034149584528
 0.01090465949995001
 0.01270165281244748
 0.01079391411832593
 0.02062797834394107
 0.03027936639924731
 0.02506632784950246
 0.01233003450994823
 0.01051851314954725
 0.008209176253989356
 0.01262625674157156
 0.01121041910692954
 0.009394697890107405
 0.008290911495140213
 0.008841210098975524
 0.01246226451255668
 0.008334182846140877
 0.009306255093327548
 0.01094391448011719
 0.009406710789650172
 0.01344357607185452
 0.008526237112913995


