# Created by Octave 4.0.0, Mon Jun 29 12:53:26 2020 EEST <li9i@spell>
# name: errors
# type: matrix
# rows: 100
# columns: 1
 0.1041600480030609
 0.1538634784476148
 0.0930477382852478
 0.1446373565162195
 0.1060951596445378
 0.1108573876654141
 0.109700381038535
 0.1208687370662901
 0.1067081927501342
 0.1179906881919073
 0.1086475936226843
 0.1338167014987289
 0.1688439874558753
 0.101294039804916
 0.1474770019358949
 0.1464170755069222
 0.1395321109995825
 0.2033562883217506
 0.1114697829010174
 0.1212612572093821
 0.1017809982265843
 0.09185713309264538
 0.1309653832125109
 0.1130528305704902
 0.09856384174736683
 0.1334545330814955
 0.1341368961173613
 0.1324365221530676
 0.1117605337317244
 0.1390878628781091
 0.1366573320389344
 0.131807922371912
 0.1512626774852261
 0.1318289330913358
 0.1511681368542988
 0.130384677397307
 0.1328587008818009
 0.1261106260392042
 0.1257523236365834
 0.1110912309770661
 0.1269666743677239
 0.1022227000230373
 0.1317115651717798
 0.1094442730342704
 0.1261898605276975
 0.1069708974441176
 0.1299151881036241
 0.1170244436004716
 0.1920053824766383
 0.1249613656295416
 0.1124500618052298
 0.1112093381870424
 0.1348004974026429
 0.1185447240496173
 0.09355192408496985
 0.1100582282248809
 0.105556781402238
 0.1124944603080522
 0.1181828705862222
 0.1369487860479238
 0.1334878530054321
 0.1013244708843818
 0.09952766901721352
 0.131723390481721
 0.1043360632763189
 0.1498288760553187
 0.1035309441664658
 0.1056447258503706
 0.1121056804983581
 0.1224269827284818
 0.1001750647616458
 0.1265328415866799
 0.1420330767814304
 0.1346763735775495
 0.1074278939568306
 0.1482555162548755
 0.08388165234424037
 0.09887388735151428
 0.1248994091259035
 0.1122978312346234
 0.09103587424746344
 0.1234111781809087
 0.1313246359218253
 0.1132249248178151
 0.1459832538341281
 0.1103451770581749
 0.11068112937624
 0.1136990681580107
 0.1419169478955899
 0.1135093339774311
 0.1312394971035775
 0.1050241667427073
 0.1298862737166635
 0.1314285360947153
 0.1381264999918548
 0.1227731648203296
 0.1229371502028576
 0.113825445749182
 0.1103407182322092
 0.1288212362151512


