# Created by Octave 4.0.0, Mon Jun 29 12:51:41 2020 EEST <li9i@spell>
# name: errors
# type: matrix
# rows: 100
# columns: 1
 0.009560334722174157
 0.007990619500390664
 0.009667471230885778
 0.006717886572426789
 0.008134494452639231
 0.008287943049998133
 0.007981227975693126
 0.006794115100584437
 0.008700574693662132
 0.007778174593053992
 0.007780102827083602
 0.008198780397109457
 0.007864477096412083
 0.008700574693662786
 0.007420242583636129
 0.008146778504416178
 0.008987213138676257
 0.007083784299368471
 0.007470609078246378
 0.008683893136146214
 0.007355270219373805
 0.008904493247793452
 0.008711486669908636
 0.008769264507357159
 0.007769813382571913
 0.006661080993354592
 0.007355270219373805
 0.007366138744281691
 0.008627861844049184
 0.008841379982784978
 0.007513321502503112
 0.006260990337000708
 0.006794115100584437
 0.007402702209329204
 0.00790253124005148
 0.008287943049998133
 0.006794115100584437
 0.007839005038905765
 0.009202173656260502
 0.006794115100584437
 0.008421995013060004
 0.007529276193632526
 0.006155485358605675
 0.007849203781275611
 0.007993122043358487
 0.007798717843337641
 0.007641989269816976
 0.007218032973048284
 0.006774215821776029
 0.009013878188659659
 0.007715568676383833
 0.008091971329656443
 0.007072481884033356
 0.008704596486914049
 0.007433034373659613
 0.008786353054595098
 0.006407027391854415
 0.007951100552752896
 0.007072481884036018
 0.007170076708098369
 0.008091971329656443
 0.007528612089887682
 0.008602325267043229
 0.007119691004530301
 0.007150524456290925
 0.006762396025077898
 0.007641989269816976
 0.008450443775329516
 0.008542833253667266
 0.008429116205155024
 0.007424957912336396
 0.007184010022265735
 0.007000714249273612
 0.007710382610480172
 0.008504116650187953
 0.007856844150165515
 0.009546203433824304
 0.009319334740204421
 0.008275868534481036
 0.00776208734812968
 0.007545197147855218
 0.008766413177577525
 0.007003570517955995
 0.006576473218982698
 0.007387827826906078
 0.006717886572426789
 0.008668333173107532
 0.008232860985101944
 0.006030754513326807
 0.00879659024849923
 0.007359347797190156
 0.007889233169328736
 0.007864477096412083
 0.008287943049998133
 0.006931089380464299
 0.009526804291052187
 0.008005623023851575
 0.008732124598286158
 0.008168843247362436
 0.007800640999302139


