# Created by Octave 4.0.0, Fri Jun 12 12:33:28 2020 EEST <li9i@spell>
# name: errors
# type: matrix
# rows: 71
# columns: 1
 0.1273518753090528
 0.16654183767626
 0.1535933972902674
 0.166128430633498
 0.1170136317503277
 0.1422443542782317
 0.1230163060956967
 0.10651099385661
 0.1290782712750151
 0.1608120880043298
 0.1270636855215086
 0.1637435859477067
 0.1632523466091104
 0.1587624141620996
 0.1202628939262454
 0.1572863763214342
 0.1683594357757785
 0.1625690262055375
 0.1623215591935553
 0.1448167848496561
 0.1309262691086804
 0.1716564122621951
 0.1391550021235753
 0.1439829292171663
 0.1451191555040393
 0.1414464667941667
 0.1569791951688034
 0.1467698455586451
 0.1312242816438924
 0.1507813258680274
 0.1305311526991285
 0.1294415461344048
 0.1596055309897509
 0.2185942675866022
 0.1392117884788077
 0.1577838094101423
 0.1500274576202985
 0.1341958227206509
 0.1450981379532552
 0.118711882041008
 0.1616936437535138
 0.13747775944947
 0.1299148856198885
 0.1516783487485871
 0.1081247967286311
 0.1285872390271343
 0.1550086369348809
 0.1594754969688712
 0.1588975551542384
 0.1240168323328256
 0.1296728952680052
 0.1505152878440264
 0.1720300887872567
 0.1647444189991339
 0.125081716390651
 0.1173254791307802
 0.1371979121959744
 0.1678859408417814
 0.1510950086516849
 0.1615857379223563
 0.1493865063918975
 0.1394069785909273
 0.1932613888555642
 0.1487510093567718
 0.1357549161869622
 0.1095478860460183
 0.1393651828769284
 0.140058042576039
 0.1649336675161912
 0.1562739656271625
 0.1566487351034304


