# Created by Octave 4.0.0, Mon Jun 29 12:51:40 2020 EEST <li9i@spell>
# name: errors
# type: matrix
# rows: 100
# columns: 1
 0.007998124780223362
 0.007920858539326774
 0.007560423268574462
 0.008105553651662638
 0.007627581530209922
 0.007638062581573617
 0.007213875518746831
 0.008462860036655206
 0.007433034373659613
 0.00834865258589735
 0.0074518454090249
 0.008005623023851575
 0.007856844150165515
 0.007286288492779417
 0.006876772498780685
 0.007566372975210752
 0.007993122043358487
 0.008386894538502904
 0.007496665925596683
 0.007793587107359055
 0.008626702730475872
 0.0080659779320316
 0.007939773296510898
 0.008772684879784165
 0.007779460135512653
 0.0080659779320316
 0.008134494452639231
 0.006952697318309006
 0.008072174428245484
 0.007496665925596683
 0.007353910524338028
 0.008213403679353356
 0.007566372975210752
 0.007224956747276241
 0.007849203781277965
 0.008139410298050962
 0.008542833253667266
 0.00796492310069514
 0.008287943049998133
 0.007424957912336396
 0.007707788269019387
 0.008732124598286158
 0.00778973683765972
 0.00776208734812968
 0.007286288492779417
 0.007170076708098369
 0.007723341245859562
 0.007017834423810463
 0.007060453243242849
 0.007441102068914626
 0.007930952023558551
 0.007262231062146955
 0.007009279563548741
 0.008028075734569555
 0.008146778504416178
 0.006560487786742347
 0.007924645102465195
 0.007648529270389049
 0.008909545442949833
 0.007003570517955995
 0.008146778504416178
 0.007864477096412083
 0.008504116650187953
 0.007566372975210752
 0.007500666637039857
 0.007621679604916488
 0.008275868534481036
 0.008438601779916285
 0.007441102068914626
 0.008134494452639231
 0.007715568676383833
 0.007496665925596683
 0.008429116205155024
 0.007366138744281691
 0.008495881355104049
 0.00751664818918666
 0.007990619500390664
 0.008072174428245484
 0.008309632964217533
 0.007920858539326774
 0.007930952023558551
 0.007142128534266065
 0.008645229898620301
 0.008080841540333653
 0.007840918313564552
 0.0074518454090249
 0.007402702209329204
 0.008156592425760839
 0.008146778504416178
 0.008345058418010672
 0.008486459803711167
 0.007920858539326774
 0.007521303078589739
 0.008091971329656443
 0.007353910524338028
 0.008062257748299854
 0.008072174428245484
 0.008080841540335984
 0.008221921916438673
 0.008360023923409026


