# Created by Octave 4.0.0, Mon Jun 29 12:07:24 2020 EEST <li9i@spell>
# name: errors
# type: matrix
# rows: 46
# columns: 1
 0.2143650158024838
 0.2089019387176727
 0.2119285256873159
 0.2035725914753762
 0.2056424080777205
 0.2080966121780983
 0.2144211976461281
 0.2121436541591649
 0.2074998313252356
 0.2103792052461555
 0.2161025913773356
 0.211508344989041
 0.2138951144837093
 0.2185002745993741
 0.3228873797471807
 0.2116021266433767
 0.2030022659972062
 0.2119971697924314
 0.2114606582795137
 0.2144024253594153
 0.2026473044479009
 0.2129391697175617
 0.2062569513980068
 0.2085564192251171
 0.2188247015307053
 0.2136825917102365
 0.2057212920433881
 0.2165516104765801
 0.2083633844992946
 0.2114606582795137
 0.2112218975390579
 0.2113236380531096
 0.2063238473856198
 0.2109404181279641
 0.2062616299751391
 0.211149283683379
 0.2103441228083271
 0.2084909830184568
 0.2119490504814884
 0.2091707436521745
 0.2167219416672024
 0.2131065695843365
 0.2097432954828477
 0.2013115247570424
 0.2092014579299209
 0.2041558718234678


