# Created by Octave 4.0.0, Mon Jun 29 12:57:18 2020 EEST <li9i@spell>
# name: errors
# type: matrix
# rows: 100
# columns: 1
 0.001655203914930413
 0.001661926592844507
 0.0009415412895879034
 0.0008154140052770014
 0.001781010948871274
 0.00242206523446492
 0.002040882162204047
 0.003185215848258226
 0.0008417244204616459
 0.0002830194339613398
 0.0009193475947652578
 0.00137295302177603
 0.00161446585594072
 0.002388995604852442
 0.004544403151130381
 0.003623603179158616
 0.001301768028491254
 0.004719883473138843
 0.007973318004444624
 0.005881742938959413
 0.0005008991914553761
 0.001869384925583417
 0.004742204128883843
 0.003641771546926346
 0.001812070638799674
 0.00616023538511404
 0.002813965173914432
 0.001827840255602113
 0.0007702596964655509
 0.001762299634001015
 0.003110787681600438
 0.002559726547895114
 0.005864213502253563
 0.0008234682750414527
 0.003585875067539496
 0.003882396167318131
 0.002601922366252573
 0.002190570701895406
 0.001194194289051026
 0.001870026737777021
 0.005367727638396021
 0.002470809583922694
 0.0007280109889280632
 0.000692603782836544
 0.001161077086157992
 0.001459623239058463
 0.002182154898259557
 0.003815599559703005
 0.002804460732476324
 0.002124735277628552
 0.0004310452412447998
 0.001252836781070157
 0.003892968019390957
 0.002681529414344963
 0.0008220097323020282
 0.00361083092930203
 0.008439917061205195
 0.003138295715829776
 0.004800552051587596
 0.0008325863318594478
 0.003298150997150274
 0.003080162333384351
 0.00582988850665297
 0.0008185963596287259
 0.002602037663063933
 0.006354533814528996
 0.003326770205469452
 0.003825140520296025
 0.00361083092930203
 0.003231857051294308
 0.0001788854382011551
 0.0003101612483848998
 0.002095542889085773
 0.001341118935815437
 0.00119507321951349
 0.003721088550410527
 0.006302269432515322
 0.002710903908293778
 0.0001811077027631501
 0.00126921235417949
 0.001489731519436316
 0.006920325136870243
 0.0006184658438419832
 0.007252172088417243
 0.003021208367526067
 0.004586818069207244
 0.00276524863258327
 0.0009305912099312418
 0.002663174797118452
 0.001260872713639343
 0.005252751659844744
 0.007198506789606142
 0.002045605044967629
 0.001668592221005089
 0.003572618087621627
 0.003557442901861448
 0.00315192004974726
 0.002393010656056662
 0.003928422075082473
 0.002584956479323861


