# Created by Octave 4.0.0, Mon Jun 29 12:57:06 2020 EEST <li9i@spell>
# name: errors
# type: matrix
# rows: 100
# columns: 1
 0.007366138744281691
 0.005693856338195754
 0.006313477647066993
 0.006129437168288784
 0.007209022125088119
 0.006824221567329959
 0.00746525284233597
 0.00720694109869153
 0.007200694410957771
 0.006661080993352112
 0.006824221567329959
 0.007017834423809501
 0.007381734213583751
 0.006046486583132575
 0.006850547423382364
 0.006860029154457712
 0.006842514157822342
 0.007211102550927924
 0.006381222453416963
 0.006603786792440049
 0.006551335741664247
 0.005531726674375364
 0.007528612089887682
 0.005798275605730483
 0.006449806198639671
 0.006637017402418424
 0.006536818798162322
 0.007184705978674417
 0.006072890580276063
 0.006742403132416045
 0.00662872536767192
 0.006529931086926471
 0.005948108943184857
 0.006824954212299968
 0.007495331880577521
 0.008154140052758687
 0.007507329751649586
 0.006264982043071373
 0.007043436661176363
 0.007158910531638936
 0.00648151216923968
 0.00648151216923968
 0.006466065264131062
 0.006441273166076039
 0.006742403132416045
 0.006606814663663419
 0.00657343137181838
 0.006860029154456858
 0.006637017402418424
 0.007045565981523736
 0.007102112361826087
 0.006296824596572094
 0.006673080248281463
 0.006217716622685319
 0.006545991139621278
 0.007242237223399812
 0.007134423592694917
 0.006870953354521571
 0.006711929677820171
 0.006488451279004091
 0.007106335201777133
 0.006381222453416963
 0.007106335201777133
 0.007496665925596635
 0.006053924347067185
 0.007860025445252302
 0.006016643582597682
 0.006226556030423049
 0.006420280367710118
 0.007106335201777133
 0.006074537019395119
 0.007881624198096047
 0.007102816342832083
 0.007283543093851423
 0.006403124237433184
 0.005727128425310717
 0.00771556867638503
 0.006723094525588829
 0.00672309452558978
 0.006580273550544784
 0.00688839603971764
 0.006824221567329959
 0.005727128425310717
 0.006315853069855691
 0.005188448708428961
 0.006177378084592123
 0.005968249324551116
 0.007324616030892676
 0.006711929677819429
 0.006226556030423049
 0.005770615218501437
 0.005860034129594004
 0.006860029154457712
 0.006809552114493278
 0.006158733636065081
 0.006621933252457152
 0.00662872536767192
 0.006603029607687562
 0.006824954212299968
 0.006911584478250713


