# Created by Octave 4.0.0, Mon Jun 29 12:51:51 2020 EEST <li9i@spell>
# name: errors
# type: matrix
# rows: 99
# columns: 1
 0.2346529565123785
 0.229940253109366
 0.2439397056651499
 0.2112314843956735
 0.2036145869037866
 0.238720359416621
 0.2138764596677243
 0.2264279576377454
 0.2305334032195784
 0.2475116360901039
 0.1902958223398505
 0.2166424935233162
 0.2040151219885428
 0.1936563967443376
 0.2212997966560309
 0.21508137994722
 0.2303181495236533
 0.2239878791363495
 0.2109899049717802
 0.2030776206281717
 0.2154565617473737
 0.1972239843426757
 0.2149686721361977
 0.2110196436353732
 0.2109745482279803
 0.2432927454734314
 0.2070675735116437
 0.2303230774368898
 0.2163639757445782
 0.2134896953016721
 0.2198459688054353
 0.2094207487332623
 0.2157840587253849
 0.2242360586524823
 0.211764043217917
 0.2048879205809849
 0.2159236207551165
 0.1978615677689841
 0.2128109489664471
 0.2255337890427955
 0.2130563540474675
 0.2202708559932521
 0.2001127682083269
 0.2297995865966707
 0.2646218622865454
 0.2265735200768186
 0.2269414241605076
 0.1977661245006349
 0.1748634038328219
 0.2127909067606054
 0.1984831478992618
 0.2099077178190462
 0.2242921309364194
 0.2064318047201066
 0.209507828016044
 0.2185079632416188
 0.2223101437181863
 0.1932418691691856
 0.2127321790420993
 0.1986173204934558
 0.2305610548206283
 0.2162713110886408
 0.2436042897816049
 0.2016307764206643
 0.2188809950635284
 0.2041484998720309
 0.2088046934338399
 0.2259296350636626
 0.2250408851742269
 0.2419998347106868
 0.224457256510011
 0.2202363276119551
 0.2043657994870952
 0.2271311515402516
 0.2312382321330091
 0.2198952932647725
 0.2166368851327043
 0.2283823548350451
 0.2296514968381441
 0.2397125361761455
 0.2061278244197043
 0.2035916746824407
 0.2324220299369248
 0.2007691460359388
 0.2240616209885139
 0.2199982954479429
 0.2267283175961913
 0.2056530330435212
 0.228193821125813
 0.1986662779638258
 0.2411924542766613
 0.2108571317266742
 0.1902457621078592
 0.2294451132624087
 0.1994194072802328
 0.1943372583937541
 0.2290649034662448
 0.2340094015205384
 0.2150539699703305


