# Created by Octave 4.0.0, Mon Jun 29 12:52:25 2020 EEST <li9i@spell>
# name: errors
# type: matrix
# rows: 100
# columns: 1
 0.1888200466052262
 0.2622560962113192
 0.212761133668722
 0.2119206691193656
 0.2628230773733548
 0.2702831848265825
 0.2206794054731886
 0.2027704367012113
 0.2122086237644452
 0.2611790573533785
 0.2538883612929112
 0.2105691335405053
 0.2232660296596844
 0.2236095928174827
 0.2020525921635245
 0.2714324409498629
 0.2874823472841404
 0.2010552660339942
 0.2737675291191412
 0.2096946589687021
 0.2704497735255104
 0.2618387289917202
 0.1809253160837351
 0.289057243465719
 0.2033086323794444
 0.1990863631693521
 0.2690502555285897
 0.2697235992641348
 0.2321238677947604
 0.2118721312490144
 0.2487830380070158
 0.2352204285345971
 0.2219202108867055
 0.2699115595894315
 0.26201530489649
 0.2607864451998984
 0.2050987079432722
 0.2719503631179773
 0.2028243821634854
 0.1802986411485106
 0.2692717029321856
 0.2308059357988857
 0.2143621468450063
 0.2061558876190529
 0.2770510783231121
 0.2597589651965846
 0.2131330570324567
 0.245254092728338
 0.1886855850349982
 0.2116794746781085
 0.2449083502047248
 0.2621309977854584
 0.2051111406043078
 0.1806990038710768
 0.2732939992023236
 0.2134038893741159
 0.1766767953071357
 0.2683416106383802
 0.2651002263295893
 0.2130491257902738
 0.2591970100136184
 0.2050892488649767
 0.2491080087030533
 0.270065066234045
 0.2578860601118235
 0.2440411850487522
 0.2613752092299488
 0.2197165901792583
 0.2384711722619731
 0.2699234150643469
 0.2438442535718248
 0.2117491204232028
 0.179473730668307
 0.2610021647419805
 0.2604364413825377
 0.2728995602781341
 0.2033659263495238
 0.2011095721242513
 0.2083031684828631
 0.2615894684424425
 0.205541285390551
 0.182566700139976
 0.2521493406693726
 0.2612691524080109
 0.2378373393729406
 0.2309189684716242
 0.2679725359062005
 0.242185569347142
 0.2908571642576451
 0.2603564095619699
 0.2535725734380586
 0.2977927131412043
 0.2352059735635979
 0.2123231970369697
 0.2730175452237444
 0.1994380104192779
 0.2091861611101449
 0.2082828845584758
 0.2039296447307265
 0.2184624681724513


