# Created by Octave 4.0.0, Mon Jun 29 12:53:12 2020 EEST <li9i@spell>
# name: errors
# type: matrix
# rows: 100
# columns: 1
 0.08928315238610288
 0.08303506307578853
 0.0831000030084236
 0.04779550711102565
 0.06704655845008137
 0.08010850953550502
 0.08082090138077055
 0.0831000030084236
 0.07117685368151723
 0.08302385259670941
 0.08304728291762588
 0.08011234611469134
 0.0804138520405546
 0.0670371158389142
 0.08304320863261601
 0.08040000995024915
 0.06720998884094524
 0.06706544415718188
 0.08337926181011747
 0.08928315238610288
 0.08302385259670941
 0.01165137760095406
 0.08307666399176239
 0.08304728291762588
 0.08302385259670941
 0.08024618370988253
 0.08305126127880436
 0.08030353665935328
 0.07122555510489177
 0.08303506307578853
 0.06334247311243836
 0.07665409643326347
 0.08927398277213877
 0.08311014679327765
 0.08302385259670941
 0.08305839451855565
 0.08332139521155486
 0.08304826849489474
 0.08307974061105529
 0.08041924272212557
 0.08307974061105529
 0.07901393611256273
 0.08307974061105529
 0.08337926181011747
 0.0831324846254462
 0.0712757476284899
 0.08307159863635839
 0.07904078757198801
 0.06718378524614388
 0.08305641516463455
 0.08304320863261601
 0.08309493426196374
 0.08304320863261601
 0.08306554761151028
 0.08097478743411542
 0.08030353665935328
 0.0632665037756955
 0.06328007664344393
 0.08915996691340794
 0.08306852893846249
 0.08016153940637596
 0.08905231327708459
 0.0802407888794721
 0.08008080544050493
 0.0831000030084236
 0.08309593732547944
 0.08306147422240996
 0.06710035543870203
 0.08305333045700254
 0.08013081554558139
 0.08303000240876772
 0.08304320863261601
 0.08307766486848389
 0.08102007467288626
 0.08014928571110376
 0.08931465109376052
 0.08928315238610288
 0.0670404087099712
 0.08103181659076908
 0.08304320863261601
 0.08928595690252815
 0.08314568539617671
 0.08916278651993803
 0.06713402118151486
 0.08102007467288626
 0.08927398277213877
 0.0632665037756955
 0.08086934153311748
 0.08010850953550502
 0.08915436108233948
 0.0831000030084236
 0.07112441212410815
 0.08306554761151028
 0.08026465224493347
 0.08304320863261601
 0.08309493426196374
 0.08010850953550502
 0.08097478743411542
 0.08042463552917173
 0.08305234132762382


