# Created by Octave 4.0.0, Mon Jun 29 12:51:36 2020 EEST <li9i@spell>
# name: errors
# type: matrix
# rows: 100
# columns: 1
 0.01913792047219276
 0.01880664776083074
 0.01656049516167803
 0.01690473306503092
 0.01816865432551255
 0.01721917535772215
 0.01780449381476387
 0.01528953890737063
 0.01786644900364908
 0.01579651860379396
 0.01753539278145737
 0.01846104005737464
 0.01755818897266907
 0.01816039647144215
 0.01480304022827668
 0.01812015452472742
 0.01678719750285743
 0.0174522204890939
 0.01700176461429642
 0.01656562706328914
 0.01897366596100931
 0.01783732042656621
 0.01574928569808671
 0.0177079078380246
 0.01663971153596035
 0.01742699056062037
 0.01814166475271765
 0.01816865432551255
 0.01663881005360661
 0.01821675053350535
 0.01772004514666855
 0.01700176461429642
 0.0168576392178734
 0.0164073154415941
 0.01846104005737327
 0.01680743882927913
 0.01808258831030488
 0.01892643653728736
 0.01729855485293437
 0.01723861943428139
 0.01702997357602131
 0.01741407476726791
 0.0174040225235419
 0.01734877517290493
 0.01631103920662267
 0.01810331461362736
 0.01639176622576024
 0.01656804152577975
 0.01748885359307439
 0.01669041641182138
 0.01573340395464332
 0.01615332783051076
 0.01648423489276819
 0.01795243716045225
 0.01714526173611707
 0.01690976049505076
 0.01707659216588502
 0.01800499930574789
 0.01765672676347491
 0.01698381582566099
 0.01765559401436256
 0.01726991603917021
 0.01890105817143568
 0.01603309078125492
 0.01746339027794985
 0.01756843760839263
 0.01711724276862302
 0.01813339460773881
 0.01797247896090053
 0.0172699160391708
 0.01829644774266263
 0.01884038216172841
 0.01659789143234645
 0.01797386992275126
 0.01765899204371381
 0.01729855485293437
 0.01847430648224557
 0.01716857594560399
 0.01797247896090053
 0.01739022714055137
 0.01803468879687039
 0.01726615185847585
 0.01701558109498473
 0.01721917535772215
 0.01511092320144529
 0.01734416328336349
 0.01584739726264151
 0.01710584695359976
 0.01734156855650616
 0.01950205117417092
 0.01757555120045902
 0.01614094173212812
 0.01749514218290217
 0.01794798038777537
 0.0165130251619739
 0.01745966780898096
 0.01680743882927913
 0.01824390309116884
 0.01673708457288677
 0.01615332783051076


