# Created by Octave 4.0.0, Mon Jun 29 12:57:10 2020 EEST <li9i@spell>
# name: errors
# type: matrix
# rows: 66
# columns: 1
 0.02527406575919242
 0.02526725351121478
 0.02526725351121478
 0.02526725351121478
 0.02526725351121478
 0.02527406575919242
 0.02527406575919242
 0.02526725351121478
 0.02527406575919242
 0.02527406575919242
 0.02526725351121478
 0.02527406575919242
 0.02527406575919242
 0.02527406575919242
 0.02526725351121478
 0.02527406575919242
 0.02527406575919242
 0.02527406575919242
 0.02526725351121478
 0.02527406575919242
 0.02526725351121478
 0.02527406575919242
 0.02526725351121478
 0.02526725351121478
 0.02527406575919242
 0.02527406575919242
 0.02526725351121478
 0.02527406575919242
 0.02527406575919242
 0.02526725351121478
 0.02527406575919242
 0.02527406575919242
 0.02527406575919242
 0.02527406575919242
 0.02526725351121478
 0.02526725351121478
 0.02527406575919242
 0.02527406575919242
 0.02527406575919242
 0.02527406575919242
 0.02526725351121478
 0.02526725351121478
 0.02527406575919242
 0.02527406575919242
 0.02526725351121478
 0.02526725351121478
 0.02527406575919242
 0.02527406575919242
 0.02526725351121478
 0.02527406575919242
 0.02526725351121478
 0.02527406575919242
 0.02527406575919242
 0.02527406575919242
 0.02526725351121478
 0.02527406575919242
 0.02526725351121478
 0.02526725351121478
 0.02527406575919242
 0.02527406575919242
 0.02527406575919242
 0.02526725351121478
 0.02526725351121478
 0.02527406575919242
 0.02527406575919242
 0.02527406575919242


