# Created by Octave 4.0.0, Mon Jun 29 12:07:39 2020 EEST <li9i@spell>
# name: errors
# type: matrix
# rows: 100
# columns: 1
 0.1810182587475643
 0.1850132968194475
 0.2269130450194542
 0.09867791039538561
 0.1828374414609884
 0.2318071828050234
 0.1492879432506234
 0.1841208842038294
 0.09925693930401132
 0.1807967366962114
 0.1014201656476644
 0.1452142210666724
 0.1810182587475643
 0.1152417025212676
 0.1404586771972453
 0.1225458689634216
 0.1832120356308554
 0.09782785901776811
 0.1760710084028591
 0.1122178238962089
 0.1729424470741617
 0.1430639018061506
 0.1823048545705832
 0.1510261235680779
 0.1206436902618622
 0.1226670697457148
 0.1612780518235496
 0.1410765040678298
 0.09912623265311726
 0.1828024343382791
 0.09935335927888815
 0.1491643389017641
 0.1438248935337709
 0.1173954854327895
 0.118154856015314
 0.1192686044187656
 0.1447337555651803
 0.119137777384005
 0.0985966530872143
 0.1802278835252757
 0.1164705112893398
 0.1451945591267147
 0.1456409283134383
 0.1136558401491122
 0.1827665450786889
 0.09845049517397271
 0.1485667863285754
 0.1637872400402409
 0.1121064226527614
 0.1819492511663666
 0.1939458945169991
 0.1816013491139353
 0.1832978450500732
 0.1441291781701443
 0.1189673064333213
 0.1186006745343388
 0.120607006429975
 0.1751692324582153
 0.1497386055765179
 0.1788483156196905
 0.1512446032095044
 0.1417459699603452
 0.1732279711824834
 0.1484626552369325
 0.1621149283687315
 0.1204356259584353
 0.1499985666598178
 0.1578070023794854
 0.1392041666043091
 0.184277643787849
 0.1462680074383996
 0.1448341465262955
 0.1840724042326841
 0.1814114660102841
 0.1842580798771122
 0.184647231227549
 0.2060456745481405
 0.1797315776373252
 0.1812054083078114
 0.1762680061724212
 0.181346353699213
 0.1828024343382791
 0.09811054989143594
 0.1215635224892712
 0.1850170262435363
 0.1139601684800453
 0.1829038271879511
 0.1225124483470967
 0.1421267040355207
 0.09916577030407296
 0.163545253676162
 0.1206617172097305
 0.1824230522713589
 0.1195095393682039
 0.1810101654603984
 0.182560921338607
 0.0993090126826349
 0.2283693937461863
 0.1518252284701071
 0.1190318024731242


