# Created by Octave 4.0.0, Mon Jun 29 12:51:56 2020 EEST <li9i@spell>
# name: errors
# type: matrix
# rows: 88
# columns: 1
 0.2140033644595345
 0.2127328136419018
 0.2123628969476553
 0.2148623978270754
 0.2114722913291484
 0.2143092391848745
 0.2128021851391557
 0.2123561395392189
 0.214402425359416
 0.2126763268443392
 0.2142247651416617
 0.2149433413716269
 0.2145325383246097
 0.2130505339115577
 0.2150637579881819
 0.2139907708290252
 0.2134769542597031
 0.2140095324979716
 0.215959486941416
 0.2125219988612945
 0.2128662021082727
 0.2159186189285212
 0.214389015576824
 0.2326707974800462
 0.2144138055256696
 0.2157318706172088
 0.2124352607266515
 0.2134922012627151
 0.2101833723204559
 0.2136883712325017
 0.2126915372082306
 0.2146720755012179
 0.2132097793254319
 0.2131974671519326
 0.2145121208696598
 0.2130505339115577
 0.2145759772201906
 0.2149043508168221
 0.2150527609680954
 0.2116486239029208
 0.2141788271515195
 0.2150341833290717
 0.2142869338060531
 0.2133508378235265
 0.2147501804422981
 0.2133940955134435
 0.2141040167768934
 0.2116394103185903
 0.2120307760680051
 0.2100656087987768
 0.2131330570324572
 0.2136773502269267
 0.213556198692524
 0.2160045369893886
 0.2156738741711659
 0.2135907301359319
 0.2169705049079254
 0.2131794080111866
 0.2145428861556584
 0.2133940955134435
 0.213261623364354
 0.2135723764909669
 0.2144366106801726
 0.2156336940276269
 0.2121626263035049
 0.214173994686563
 0.2158946502347845
 0.2117079356094144
 0.2146040540157605
 0.2140722308007276
 0.2146971122302292
 0.2131067807461784
 0.2147091055358387
 0.2123938323021664
 0.2135843159035805
 0.2118342984504651
 0.2152410044577952
 0.2140278953781493
 0.2106932604522524
 0.2139840180948102
 0.2139458108961249
 0.2136072096161555
 0.2124138648958696
 0.214572994572942
 0.2122608065564639
 0.212631559275664
 0.2145382250322767
 0.2126148160406512


