# Created by Octave 4.0.0, Wed Mar 18 16:00:48 2020 EET <li9i@spell>
# name: errors
# type: matrix
# rows: 48
# columns: 1
 0.04662032743537284
 0.04286069753049909
 0.04396003743991828
 0.03645061223310148
 0.0349500394836041
 0.04081221047833953
 0.04408192627828281
 0.09870298475640672
 0.03934670706741548
 0.05521705041317717
 0.02082080859329083
 0.01821666409362028
 0.01330793820558282
 0.02360810033226902
 0.04287055869888956
 0.04252692828976559
 0.06259692217806265
 0.04923244572339735
 0.06770388958756275
 0.01975773463217282
 0.03255287410180745
 0.04135585643591711
 0.04155528572435174
 0.02031787458669145
 0.04667574963179461
 0.02844297093108044
 0.04778205685870323
 0.04633780368948275
 0.04191167441918849
 0.04413687916887667
 0.02776489516769007
 0.04170592818482882
 0.04035018633482474
 0.03913910145555078
 0.04445932005879091
 0.04447970992936408
 0.01844634706907273
 0.04713745781894704
 0.03580866985780497
 0.04578757714188611
 0.0507403940949824
 0.02289342703763922
 0.03860231203609297
 0.03588449786118873
 0.0428848006068322
 0.03775837239228599
 0.1093046141775067
 0.03406216013415679


