# Created by Octave 4.0.0, Mon Jun 29 12:07:07 2020 EEST <li9i@spell>
# name: errors
# type: matrix
# rows: 68
# columns: 1
 0.1074672042997343
 0.1084466689207223
 0.1069925698354876
 0.1098328275152725
 0.1107351795952851
 0.1093873850130822
 0.1093347611695368
 0.1088900362751404
 0.1109148321911933
 0.1085108750310321
 0.1051583567768206
 0.1076461796813992
 0.1109963963379026
 0.1109148321911933
 0.1091229123511678
 0.1112735368360397
 0.1113019766221644
 0.1129929201321911
 0.1059030688884873
 0.1120230779794969
 0.1068206440722001
 0.1089756853614616
 0.1096567827359597
 0.1086952160860816
 0.1072734822777789
 0.1107736430745227
 0.1099840897584785
 0.1077074742067608
 0.1072261628521779
 0.1029672277960339
 0.1081337135217393
 0.1079127888621235
 0.1052404865059104
 0.1076121275693438
 0.1092696206637494
 0.1123748192434578
 0.1082776523572635
 0.1123053872260863
 0.1100047726237385
 0.106205837880978
 0.1102568365227321
 0.1085626547206779
 0.1099587195269246
 0.1098705602060989
 0.1070998132584759
 0.1079127888621235
 0.104623372149824
 0.1125515437477483
 0.1119964731587554
 0.1075335296547128
 0.1107144073732072
 0.1080371232493715
 0.1069366634976122
 0.1144931438995417
 0.1089473267226019
 0.10669451719747
 0.1105659983901003
 0.1093605504741165
 0.1097754526294455
 0.1072539043578371
 0.1109704915732151
 0.1080330042163057
 0.1099018198211497
 0.1112559661321623
 0.1074256021626177
 0.1060062733992716
 0.1082626897873871
 0.1088325319010884


