# Created by Octave 4.0.0, Mon Jun 29 12:51:33 2020 EEST <li9i@spell>
# name: errors
# type: matrix
# rows: 100
# columns: 1
 0.04730042283109113
 0.02468299009439473
 0.02006838309381185
 0.02402353013193483
 0.02736421020237755
 0.02842973795165847
 0.02455402207378547
 0.04997369307945918
 0.06208808259239375
 0.01553640885146857
 0.01153819743287339
 0.02514478077056864
 0.04997369307945918
 0.02687843001367622
 0.04996158524306439
 0.03554405716853286
 0.06097343683933083
 0.03551281458853885
 0.04188078318274419
 0.02510478042126516
 0.02022992832414416
 0.03405877273185184
 0.02455402207378547
 0.02478225171367559
 0.05577212565430804
 0.03574982517439711
 0.04084176783636988
 0.02493290997857969
 0.04968832860944185
 0.04396589587396049
 0.008759566199306108
 0.04744891990340742
 0.04126851099809669
 0.03893712881042968
 0.02503197954617148
 0.02507448902769441
 0.02494674327442325
 0.02114190152280522
 0.05015834925513448
 0.02745214017157867
 0.01500000000000163
 0.01096585609973053
 0.02513105648395895
 0.008321658488546437
 0.02414228655285144
 0.0247703451732102
 0.03551281458853885
 0.04703668780855964
 0.009740636529508503
 0.01091650127101169
 0.04988677179373312
 0.05076780475852759
 0.05090392912143369
 0.02418532612970076
 0.08343170860050682
 0.07359307032594782
 0.0201526673172557
 0.02431995065784409
 0.05563245455667008
 0.03444198019858893
 0.02465948093533176
 0.04970975759345321
 0.07359307032594782
 0.02318124241709259
 0.04188078318274419
 0.03512321169824881
 0.02459613790821637
 0.02414228655285144
 0.03599236030048655
 0.02153369452741341
 0.02513105648395895
 0.07567965380470536
 0.04313420916163795
 0.04996158524306439
 0.07520957385865064
 0.04745366160792959
 0.009141662868429417
 0.04452459994205378
 0.02457173172570466
 0.07359307032594782
 0.03572632082932641
 0.01511687798455938
 0.02468299009439473
 0.02513105648395895
 0.01675857989210141
 0.03510056979594499
 0.04996098477812382
 0.08094176919242602
 0.04165477163543155
 0.03077092783781547
 0.01783984304863679
 0.02609463546401788
 0.02418532612970076
 0.02064218980631587
 0.03592464335243884
 0.0440320337935908
 0.01116154111222938
 0.02430164603478483
 0.04360045871318342
 0.02468299009439473


