# Created by Octave 4.0.0, Mon Jun 29 12:07:30 2020 EEST <li9i@spell>
# name: errors
# type: matrix
# rows: 100
# columns: 1
 0.3270570898176701
 0.32515911489608
 0.3259493365540103
 0.3260800055201223
 0.3271220567311279
 0.325465574216378
 0.3227130304155695
 0.3234005875071949
 0.3256778930170203
 0.32434304370527
 0.3309209573297016
 0.3255317649631189
 0.3278883498997838
 0.3260807568686073
 0.3255874229757596
 0.3276823461830106
 0.3236545380494512
 0.3338905958543976
 0.3257856503899469
 0.3270034403488756
 0.3277222146879892
 0.3294348038686866
 0.3215832240649408
 0.321618438526158
 0.325058794681822
 0.3201243820767153
 0.3254657739302297
 0.3239360739405222
 0.3319970029985226
 0.3222019397831121
 0.3210167908381177
 0.3283298341607107
 0.328308543903451
 0.3294204152750682
 0.329822330960171
 0.3255522845872857
 0.3256749453058949
 0.3251215157445054
 0.3220409446017652
 0.3242673279872725
 0.3257886431415253
 0.3207054723574323
 0.3249729219488927
 0.3218849639234491
 0.3259723914689661
 0.3221937305411164
 0.3272366880409423
 0.3258765410396949
 0.3207283274049928
 0.3249713833555238
 0.319946620547867
 0.3230692340660207
 0.326965258093279
 0.3279737946848779
 0.3247850519959325
 0.3281473144793308
 0.3243259163249181
 0.3212630386459018
 0.3253500883663652
 0.3225917853882869
 0.3210247498246855
 0.3255960687723424
 0.323067624499887
 0.324629773742341
 0.3259241782991859
 0.3240519711404327
 0.3237860559072894
 0.3282954918971645
 0.3204263409896225
 0.3228661951954826
 0.322438846915198
 0.3323357940397075
 0.3265117762041776
 0.3281208618786716
 0.3263176979570646
 0.3253675613825074
 0.3235000000000099
 0.3287003498629115
 0.3242608826238503
 0.3287003498629115
 0.3261338682197872
 0.3222993949730639
 0.3279958841205288
 0.3205896130569431
 0.3222285213943718
 0.3269972629854849
 0.3290273240933068
 0.3287003498629115
 0.3314114210464033
 0.32694121795822
 0.3277726346112543
 0.3209726779649677
 0.3246052525761094
 0.3277721312131405
 0.3232674743923316
 0.3262257653834236
 0.3197101499796366
 0.3239039518128872
 0.3235962453428671
 0.3261095061478552


