function colours = colours()

  colours = [166,206,227;
             31,120,180;
             178,223,138;
             51,160,44;
             251,154,153;
             227,26,28;
             253,191,111;
             255,127,0;
             202,178,214;
             106,61,154;
             255,255,153]/255;


 c{1} =  [228 240 246; 166,206,227; 131 161 178]/255;
 c{2} =  [102 150 198; 31,120,180;  33 88 130]/255;
 c{3} =  [222 241 203; 178,223,138; 140 175 109]/255;
 c{4} =  [124 190 110; 51,160,44;   45 126 38]/255;
 c{5} =  [255 203 201; 251,154,153; 196 122 121]/255;
 c{6} =  [243 98 76;   227,26,28;   167 31 24]/255;
 c{7} =  [255 224 186; 253,191,111; 198 150 89]/255;
 c{8} =  [255 174 109; 255,127,0;   200 101 13]/255;
 c{9} =  [232 221 237; 202,178,214; 158 140 168]/255;
 c{10} = [136 97 174 ; 106,61,154;  68 41 95]/255;
 c{11} = [255 255 216; 255,255,153; 202 202 123]/255;

 colours = {c{1}, c{2}, c{3}, c{4}, c{5}, c{6}, c{7}, c{8}, c{9}, c{10}, c{11}};
end
