function colours = colours2()

  colours = [235,172,35;
             184,0,88;
             0,140,249;
             0,110,0;
             0,187,173;
             209,99,230;
             178,69,2;
             255,146,135;
             89,84,214;
             135,133,0;
             0,198,248]/255;


 c{1} =  [255 228 189; 235,172,35;  157 116 31]/255;
 c{2} =  [214 107 137; 184,0,88;    82 21 42]/255;
 c{3} =  [172 197 253; 0,140,249;   33 91 157]/255;
 c{4} =  [101 155 86;  0,110,0;     19 51 12]/255;
 c{5} =  [195 234 228; 0,187,173;   28 124 114]/255;
 c{6} =  [237 185 244; 209,99,230;  138 69 151]/255;
 c{7} =  [215 133 92;  178,69,2;    88 38 12]/255;
 c{8} =  [255 225 220; 255,146,135; 170 99 92]/255;
 c{9} =  [156 140 230; 89,84,214;   50 44 102]/255;
 c{10} = [195 188 128; 135,133,0;   83 81 15]/255;
 c{11} = [218 242 254; 0,198,248;   33 132 165]/255;

 colours = {c{1}, c{2}, c{3}, c{4}, c{5}, c{6}, c{7}, c{8}, c{9}, c{10}, c{11}};
end
