# Created by Octave 4.0.0, Mon Jun 29 12:57:12 2020 EEST <li9i@spell>
# name: errors
# type: matrix
# rows: 93
# columns: 1
 0.02481496524277236
 0.02403674062763063
 0.02555849956472436
 0.02520185707443061
 0.02538621870228031
 0.02539392840818542
 0.0250587090649138
 0.02528996836692378
 0.02577029491488218
 0.02538668154761431
 0.02490072488904639
 0.02536917223718649
 0.02536224753447502
 0.02640713729278557
 0.02472068971529733
 0.02502548501028525
 0.02495858369379055
 0.02553444927935645
 0.02587107458147038
 0.02640749136135452
 0.02462044069467421
 0.02562164904919258
 0.02555535364654461
 0.02552042515319819
 0.02582107859869515
 0.02458785269192822
 0.02547140357341978
 0.0258034571327171
 0.02450626246492914
 0.02629730214299484
 0.02678101006310169
 0.02472758783221676
 0.02422297256737868
 0.02638248661517693
 0.02563118413183397
 0.02537650291115721
 0.02511116086524057
 0.02495621165161058
 0.02548603735381347
 0.02499016006351355
 0.02412216615480441
 0.0253464001388745
 0.02596717928462701
 0.02600082498691192
 0.02505721652538413
 0.02460691163067751
 0.02450673376849789
 0.02474281511873659
 0.02562681408212971
 0.02547423011594292
 0.025552160378332
 0.02626577430802259
 0.02455545560562871
 0.02585724076540333
 0.0252931136873259
 0.02567968263043781
 0.02548539974181286
 0.02552948099746647
 0.02429094481488806
 0.02605978702906024
 0.02482241930191332
 0.02544661077628988
 0.02384487575979319
 0.02562888994865036
 0.02599158517674494
 0.02469028148887635
 0.0249046180456555
 0.02552178677130571
 0.02546752638164975
 0.02618795333736464
 0.0254531746546473
 0.02519845431767526
 0.02477944511081643
 0.02630353778486891
 0.02404999999999927
 0.02530028458337901
 0.02486046057497717
 0.02558246469752221
 0.02635892448488833
 0.02545623695678498
 0.02615523656937542
 0.02556604193065428
 0.0260528232635158
 0.0264319579297478
 0.0248568883812922
 0.02533804254475817
 0.02450008367332629
 0.02513822587216525
 0.02597975365549103
 0.02519845431767526
 0.02535414956175736
 0.02531797780234437
 0.02586668900342781


