# Created by Octave 4.0.0, Mon Jun 29 12:52:12 2020 EEST <li9i@spell>
# name: errors
# type: matrix
# rows: 100
# columns: 1
 0.144403774188906
 0.165263244552443
 0.1598701035215788
 0.1581175828299943
 0.1621163162670551
 0.1466425586247062
 0.1582322659889587
 0.1486743084732538
 0.1640737943731432
 0.1672201243869893
 0.1544039183440658
 0.1637811039161738
 0.1707160507978109
 0.1652976103880543
 0.1715208442143436
 0.1647010928925519
 0.1618111553632817
 0.1619697811321633
 0.1594252175786517
 0.1581263418915397
 0.146790224470163
 0.1693294126842717
 0.1588138847834163
 0.1635305781803525
 0.1467886916625402
 0.1464522106354158
 0.1677313626010376
 0.1591343143385506
 0.1597539357887642
 0.1595801052763167
 0.1648595159522218
 0.15956440705872
 0.1629047574504835
 0.1622565869233069
 0.1705738842847887
 0.1588138847834163
 0.1584646963837692
 0.1707680590742915
 0.1588626136005596
 0.1578856864950091
 0.1684691069602995
 0.1596679366685762
 0.1716373502475526
 0.1584687350867677
 0.1549359222388417
 0.1622821308709016
 0.1709901166734514
 0.1676971079058932
 0.1649746950292705
 0.1585163713942532
 0.170188131196038
 0.1681667327386754
 0.1592771483923554
 0.1579120008105789
 0.1709054709481267
 0.1544039183440658
 0.1627207731053445
 0.1597389432793412
 0.1490310370359153
 0.1716569252899555
 0.1604294549015249
 0.1708017857049541
 0.17087799741336
 0.1652976103880543
 0.1469831282834875
 0.1591858347969473
 0.1581175828299943
 0.1655936291045049
 0.1581657358595726
 0.1596669659009034
 0.1463328056178812
 0.1641121872378778
 0.1467038172645836
 0.1524456952491625
 0.1662265020987934
 0.1488511000967108
 0.1577277718095339
 0.1711233765445295
 0.1615626813345213
 0.158610214046892
 0.1715394415287637
 0.1498512929540494
 0.17087799741336
 0.1490310370359153
 0.1598378240592643
 0.1578642771497113
 0.170546797096871
 0.1707068832824276
 0.1651054511516841
 0.1451549861355116
 0.1597001252347675
 0.157513586715561
 0.1706239139159608
 0.1651358228852857
 0.1473632247204192
 0.1579818027495579
 0.1590487346695996
 0.1706815748696993
 0.1648595159522218
 0.1486786131223998


