# Created by Octave 4.0.0, Mon Jun 29 12:51:43 2020 EEST <li9i@spell>
# name: errors
# type: matrix
# rows: 100
# columns: 1
 0.007788452991448213
 0.01077079384261047
 0.007582216034906986
 0.006312685640834122
 0.006251399843235092
 0.01127297653683433
 0.008958794561769836
 0.01075639344761992
 0.006046486583131107
 0.005921148537235345
 0.00990050503762265
 0.01109999999999996
 0.01124855546281277
 0.01111395519155951
 0.007308214556238388
 0.007433034373661048
 0.006447480127926791
 0.005724508712545927
 0.01182708755357629
 0.01094166349327203
 0.007244998274670985
 0.009956907150314755
 0.0107168092266309
 0.00778973683765972
 0.01020784012413878
 0.01384377116251329
 0.009556673061269096
 0.0107018689956463
 0.01064048871057886
 0.01080786750474118
 0.007839005038905765
 0.006637017402418424
 0.006723094525588829
 0.009390420650854502
 0.01120044641967615
 0.01007174264961298
 0.008811923740025155
 0.009211405973032457
 0.009391485505501061
 0.01041393297462667
 0.004751841748206156
 0.008462860036655206
 0.004770744176752315
 0.009837174391053099
 0.009192388155425222
 0.005883026432032183
 0.005913543776789825
 0.00869770084562564
 0.004295346318984062
 0.008861715409557522
 0.007560423268574462
 0.006243396511513438
 0.009758073580374223
 0.007021395872615042
 0.008062257748299854
 0.01053612832116295
 0.009664884893263087
 0.009349331526905001
 0.002745906043550689
 0.008927485648265508
 0.006228964600959515
 0.008854377448473295
 0.007710382610480264
 0.004477722635448215
 0.009935793878698961
 0.007021395872616307
 0.00987927122818219
 0.00653911308970935
 0.01063296760081668
 0.007632168761238218
 0.00540370243444268
 0.003862641583164501
 0.009790812019439311
 0.006016643582597151
 0.008127115109310351
 0.007752418977325298
 0.009548298277704136
 0.01091237829256263
 0.01020784012414093
 0.005921148537235345
 0.007130918594400856
 0.007335529974036112
 0.008499999999999291
 0.007527283706625097
 0.007999999999999119
 0.00834865258589735
 0.006103277807867238
 0.008949860334104926
 0.008605230967266292
 0.007310950690574394
 0.005308483775993069
 0.00751664818918666
 0.008381527307121214
 0.00918368117913434
 0.00764787552200078
 0.00617170964968443
 0.004531004303684329
 0.008645229898620958
 0.01248439025343113
 0.008028075734569555


