# Created by Octave 4.0.0, Mon Jun 29 12:52:05 2020 EEST <li9i@spell>
# name: errors
# type: matrix
# rows: 100
# columns: 1
 0.111250438201386
 0.09981808453381769
 0.1036491196296436
 0.1068705759318254
 0.09038191190719512
 0.1027001947417845
 0.1019082921061879
 0.1028593700155728
 0.1043993294997652
 0.1065082156455556
 0.1038123306741577
 0.0972594982508148
 0.1004012450122014
 0.1015283704193084
 0.1104972850345225
 0.1191480171887055
 0.09181394229636644
 0.1105289102452415
 0.1039658597809907
 0.1072268623060496
 0.1124851101257422
 0.09138889429247021
 0.1220893525251102
 0.1015547143169658
 0.1144660648401965
 0.1085604439931999
 0.09167649644265466
 0.1148391919163513
 0.1070223341176972
 0.1064451501948311
 0.1081348232531981
 0.09850005076140959
 0.1015563390439043
 0.1133846991441085
 0.07775782918780626
 0.1080274039306709
 0.1028029668832591
 0.10484750831565
 0.1095113236154154
 0.1203000000000017
 0.1077338386951856
 0.09513148795220461
 0.108013378800962
 0.08787974738243307
 0.1046107547052419
 0.1008040177770739
 0.100511193406506
 0.1171366723105981
 0.1022023972321588
 0.1035081639292287
 0.1061953859637993
 0.1187691037265192
 0.106716868394833
 0.09281993320402793
 0.09940181084869913
 0.09840172762711256
 0.1087825813262427
 0.1021943736220349
 0.111270840744556
 0.1051387654483354
 0.1007508312620792
 0.1229169638414505
 0.09860613571173056
 0.1129128867756028
 0.1072261628521723
 0.1049274511269579
 0.1010024257134478
 0.1076446468710837
 0.1074942324034198
 0.111216230829857
 0.1088103855337373
 0.1059180815536255
 0.09560522998246589
 0.1284282289841319
 0.1001337605405901
 0.104124972989195
 0.09420456464524656
 0.1011605654393079
 0.1031407775809368
 0.09770327527775428
 0.09752866245366103
 0.1088695090463839
 0.1080016666538073
 0.1042785692268576
 0.1029036928394725
 0.1016260301300816
 0.1129627372189611
 0.1039462361030962
 0.1036737671737652
 0.09916395514500231
 0.1072095611407892
 0.1076706552408794
 0.1022059195937298
 0.09920000000000329
 0.1042348310307093
 0.1018530804639722
 0.104062289038828
 0.1106759684845828
 0.1118001788907358
 0.115000000000002


