# Created by Octave 4.0.0, Mon Jun 29 12:07:03 2020 EEST <li9i@spell>
# name: errors
# type: matrix
# rows: 100
# columns: 1
 0.09474919524723843
 0.09481402849789905
 0.09542588747294321
 0.09519600831968253
 0.09490674370137898
 0.09495030279045913
 0.08286332119822611
 0.09527586263057841
 0.08263377033634216
 0.08215850534180547
 0.08256391463588125
 0.08286332119822611
 0.095117033174931
 0.09420833296476067
 0.09454464553849183
 0.0945664316763611
 0.08273360864848027
 0.09523329249795058
 0.0945664316763611
 0.08276986166473806
 0.0827572957508876
 0.09514326040241153
 0.09515277189867057
 0.08221252945871112
 0.09396025755605733
 0.09507312974758056
 0.09439491511728683
 0.09523975010466527
 0.09520005252099284
 0.0822773966530264
 0.09493618909562801
 0.0945664316763611
 0.08276986166473806
 0.09454464553849183
 0.08317030720155767
 0.09514326040241153
 0.09481402849789905
 0.09562531045700839
 0.0950297321894556
 0.08276986166473806
 0.09483949599191377
 0.09439491511728683
 0.08325028528479793
 0.09499436825412601
 0.08257850809986418
 0.09545286795062258
 0.09527586263057841
 0.09439491511728683
 0.08235192772485657
 0.09602004998956842
 0.0950297321894556
 0.09507312974758056
 0.0826700671343584
 0.09519600831968253
 0.09514326040241153
 0.09483949599191377
 0.0945664316763611
 0.09529244461130727
 0.09439491511728683
 0.09482752764888
 0.09517951460267192
 0.09527586263057841
 0.0940796471081856
 0.09512612680016076
 0.09454464553849183
 0.0940796471081856
 0.09489783980681485
 0.08249030246035302
 0.09517951460267192
 0.09517951460267192
 0.08273360864848027
 0.0945664316763611
 0.08290313624948314
 0.0945664316763611
 0.09532958617344786
 0.09523975010466527
 0.0950297321894556
 0.09489072662805649
 0.0827572957508876
 0.09489072662805649
 0.09515277189867057
 0.08273360864848027
 0.09507312974758056
 0.0950297321894556
 0.09532958617344786
 0.09535659389890661
 0.095117033174931
 0.08255767680840545
 0.08363217084352247
 0.09480996783039781
 0.09494235092939571
 0.09523329249795058
 0.09481988188138474
 0.09602004998956842
 0.09471314586687773
 0.08256391463588125
 0.09535659389890661
 0.09454464553849183
 0.09496172913337772
 0.0823771813064758


