# Created by Octave 4.0.0, Mon Jun 29 12:53:44 2020 EEST <li9i@spell>
# name: errors
# type: matrix
# rows: 100
# columns: 1
 0.05521379266089207
 0.04547979331527453
 0.06496028709911843
 0.02466067517323982
 0.05350504742545386
 0.05651952671422447
 0.058728327066247
 0.05864399031443996
 0.03638736593929342
 0.02824075069823854
 0.008781434962465041
 0.0565163126893468
 0.02824075069823854
 0.04319597782201481
 0.04656132407911139
 0.05515273701277188
 0.06090371499342264
 0.06239955849202737
 0.06654669338141478
 0.04181154027299187
 0.05153197454008485
 0.06958987067095339
 0.02678355652261318
 0.03102882691949553
 0.05641839770854961
 0.09863542010860032
 0.04626229566288403
 0.05999027004439951
 0.02817625951044582
 0.05020049402147394
 0.05420991053303775
 0.07838859929862321
 0.05363925801127381
 0.01289341304697827
 0.04203608093055369
 0.04537157700587454
 0.05369199567905924
 0.01475311492532986
 0.0587473097256379
 0.06659266100705091
 0.07483480740938765
 0.06035193120356661
 0.071547693184337
 0.04852988357702833
 0.014810405126126
 0.03868124093149086
 0.07785526058013122
 0.04559735628301242
 0.02756511563552702
 0.07615908612897036
 0.06039805377659065
 0.04416478687823669
 0.09084553318683417
 0.07846945201796642
 0.07796087544403334
 0.06037836036197192
 0.08862156904501338
 0.08714876017477308
 0.03683137385436445
 0.06009251284477996
 0.06184881243807318
 0.02829898408070524
 0.007805024023024756
 0.03907746665279098
 0.09163319049340203
 0.08708185172583287
 0.03755023302191342
 0.06333681709716694
 0.08185251126263728
 0.08906246628069603
 0.03660187017079865
 0.03218559305030846
 0.04398900430789478
 0.07671989637636392
 0.06624424578784141
 0.01882059775883761
 0.01996502191333535
 0.009839334327077644
 0.06489818872665029
 0.02541291207240858
 0.08554958854372163
 0.02973247551079448
 0.02804231802116271
 0.07131790518516402
 0.04010476904309473
 0.0798366181648502
 0.06437572601532263
 0.07722313448701805
 0.08448984791085937
 0.08273095188621983
 0.0549676350228024
 0.02359753376944351
 0.06695167585654567
 0.07311914933859634
 0.04171530774188346
 0.06684707622626457
 0.05014938085360672
 0.07650908442792936
 0.06000833275470938
 0.072081090446802


