# Created by Octave 4.0.0, Fri Feb 14 16:15:54 2020 EET <li9i@spell>
# name: errors
# type: matrix
# rows: 100
# columns: 1
 0.007422529552485947
 0.009881167874674199
 0.015844077421361
 0.009341651933063241
 0.03907843353188167
 0.01687143378454852
 0.01271484982717394
 0.009727940471760045
 0.008718094046056578
 0.009732118735614479
 0.0104318526711849
 0.01486621147469806
 0.01228746002593292
 0.01950597933463115
 0.01705225317409586
 0.01155524030808575
 0.009128551002920175
 0.01372891683727873
 0.01384396113506485
 0.009727940471760045
 0.01169936802196956
 0.01007607182887528
 0.007376730177469209
 0.009424960948290534
 0.009172797496257991
 0.009054282212308366
 0.01313361963636746
 0.01995026482110258
 0.01240558969091084
 0.01000756488990328
 0.006358477014129267
 0.008603674101039594
 0.01937507922585803
 0.006639582104837704
 0.01995396752933309
 0.01033174070036269
 0.02374517086340043
 0.01056290511518501
 0.009054282212308366
 0.007750144807076509
 0.008946374357417257
 0.008968681747806118
 0.009747060191118402
 0.01543938891618191
 0.01028557451555555
 0.01343028111461533
 0.0104895145087327
 0.02955910727858675
 0.02324097213429371
 0.0157499774295705
 0.01917983716095563
 0.01185103575128394
 0.01971267387547125
 0.02387004750248189
 0.008723533152000227
 0.011131751230854
 0.007909929127128391
 0.009653295024109325
 0.01305770188154442
 0.01342435565414785
 0.01285589446096867
 0.008153444637907185
 0.007506169184003541
 0.01154551616111664
 0.01272084649339568
 0.007504531038460844
 0.01458198152581743
 0.01267059197166795
 0.0247419492951895
 0.01428421497099621
 0.01171964400518229
 0.01229757570104781
 0.006397135871174302
 0.01171653495761143
 0.01291282972993193
 0.01175479682858615
 0.01191383338742258
 0.0186378663653376
 0.01323320625469641
 0.007504531038460844
 0.01151350714702032
 0.0369135885563882
 0.01120239015369483
 0.01248553809777326
 0.01243096148162001
 0.01070346672541054
 0.01597696808635792
 0.008002743624927597
 0.01121321831875266
 0.01117861257742526
 0.009434683720059204
 0.0129685483340104
 0.006027464564187477
 0.01944761355108822
 0.01077608127825645
 0.007794020203375608
 0.009102503538225318
 0.01769920533377886
 0.01709653428639103
 0.007947984867750703


