# Created by Octave 4.0.0, Mon Jun 29 12:57:09 2020 EEST <li9i@spell>
# name: errors
# type: matrix
# rows: 100
# columns: 1
 0.007762087348130001
 0.01082450922675007
 0.009759098319005819
 0.007009279563550058
 0.007323933369439889
 0.01159999999999937
 0.008203657720798211
 0.00900277734924103
 0.008653900854528579
 0.004384062043356425
 0.00720069441095856
 0.008297590011564491
 0.006118823416311365
 0.005100980297943284
 0.008021221852062299
 0.01106028932713733
 0.008354639429682897
 0.007034202158028015
 0.008723531395026846
 0.00545893762558231
 0.01190126043744953
 0.009257429448826526
 0.006800000000000035
 0.009895453501483019
 0.007605918747922287
 0.01133181362360036
 0.007851751396982009
 0.006140032573203511
 0.008940357934668469
 0.01082589488217969
 0.00870057469366352
 0.008421995013059753
 0.006307138812489016
 0.005234500931321317
 0.007072481884034637
 0.006859300255857362
 0.004429446918071608
 0.008348652585897478
 0.007816009211867982
 0.007244998274672555
 0.008280700453463645
 0.00686804193347745
 0.007523961722390985
 0.003848376280977742
 0.007000714249276022
 0.00880511215147285
 0.004393176527298316
 0.009620810776644806
 0.009512623192370333
 0.01007223907579674
 0.004159326868618196
 0.008485281374238892
 0.006315853069855691
 0.01132298547203897
 0.005515432893255067
 0.01104536101718712
 0.007621679604916488
 0.005517245689654475
 0.01155508546052356
 0.005883026432033692
 0.006107372593841995
 0.005300943312278435
 0.006463745044477141
 0.009881295461628194
 0.007872102641608003
 0.006082762530298352
 0.01208801058900883
 0.008930845424706315
 0.008246211251235232
 0.009840731680115252
 0.01037882459626293
 0.01020832993197224
 0.008868483523129108
 0.005162363799655412
 0.002154065922854389
 0.001700000000000009
 0.007161005515987293
 0.005953990258642123
 0.007121797525906006
 0.006103277807867238
 0.009945853407326052
 0.009902019995940304
 0.005223983154643793
 0.005721887800368808
 0.005507267925206361
 0.01154339638061468
 0.01054371850914047
 0.005445181356025934
 0.009404786015640949
 0.008603487664894044
 0.008772684879785461
 0.006997142273813895
 0.0106000000000009
 0.005941380311005115
 0.006797793759742981
 0.008820430828479602
 0.009800510190802268
 0.006113100686231219
 0.005590169943749951
 0.007353910524340541


