# Created by Octave 4.0.0, Mon Jun 29 12:07:11 2020 EEST <li9i@spell>
# name: errors
# type: matrix
# rows: 100
# columns: 1
 0.1219026250742888
 0.1223216252344712
 0.1217080523219437
 0.1218049670580056
 0.1227000000000089
 0.1216000000000008
 0.1214049834232601
 0.1225079997387947
 0.1215092589064834
 0.1227026079592532
 0.1217059160435557
 0.1220033196269674
 0.1216003700652272
 0.122399999999999
 0.1221049548544235
 0.1226040782356009
 0.1225147338078183
 0.121600657892958
 0.1227026079592533
 0.1216003700652272
 0.1224118049862828
 0.1215010288022404
 0.1224040848991557
 0.121929897892201
 0.122300654127451
 0.122500040816322
 0.1221000409500373
 0.122300654127451
 0.122204950799882
 0.1221080259442466
 0.1209010339079093
 0.1224040848991558
 0.1225001632651996
 0.1218217139922183
 0.1217014790378532
 0.1221033169082673
 0.1214041185462916
 0.1215006584344416
 0.1224006535930252
 0.1219069317143313
 0.1223010220725993
 0.1222010229089822
 0.122300654127451
 0.1231196572444949
 0.1214181617386873
 0.1223163521365904
 0.1212041253423349
 0.1222104741828687
 0.1217020131304368
 0.1225049386759594
 0.1223132453988627
 0.1217069431051532
 0.1230040649734843
 0.1224147458437901
 0.1223010220725992
 0.1236001618122022
 0.1222006546627374
 0.1229003661507985
 0.1213003709804765
 0.1213534095112341
 0.1234131273406558
 0.1223049467519707
 0.120600663348103
 0.122144586453927
 0.1215014814724612
 0.1219006562738799
 0.1222069146979892
 0.122604934647841
 0.1229014645966448
 0.1218299224328808
 0.1222020048935433
 0.1226000407830331
 0.1221058966635141
 0.1222092058725594
 0.1219001640688093
 0.1218132997664944
 0.1222000409165299
 0.1235040485166448
 0.1217026293881977
 0.1223040882391199
 0.1220020081801933
 0.1222006546627374
 0.1225079997387949
 0.1225068977649853
 0.1221003685498156
 0.1211041287487882
 0.1213020197688448
 0.1225026122170486
 0.1229006509339976
 0.1215001646089537
 0.1215014814724613
 0.1209026467865838
 0.1219041016537288
 0.1219059063376448
 0.1224006535930252
 0.1235195935874211
 0.1221198182114628
 0.122500653059486
 0.1225117953504909
 0.122500653059486


