# Created by Octave 4.0.0, Mon Jun 29 12:52:02 2020 EEST <li9i@spell>
# name: errors
# type: matrix
# rows: 100
# columns: 1
 0.09721301353214198
 0.09798132475119942
 0.09623149172698167
 0.1002609595006966
 0.09659917183910063
 0.09511004153085015
 0.08564397235065957
 0.1002118755437714
 0.08365100118946694
 0.09636482760841819
 0.08698563099731155
 0.09640046680384977
 0.0975000000000015
 0.09831281706878583
 0.0862731128451978
 0.08719982798148378
 0.09832014035791739
 0.09762504801535396
 0.1019031402852734
 0.09833417513764214
 0.09637369973182576
 0.09481228823311971
 0.08940984285860243
 0.09661682048173602
 0.09691491113342959
 0.09656169012605358
 0.08669682808499979
 0.09716552886698231
 0.09778716684718994
 0.0963501946028144
 0.09652880399134781
 0.08517329393653934
 0.09881629420293123
 0.08830067949908757
 0.0876584280032455
 0.09631329087929755
 0.09832202194829266
 0.09745409175606939
 0.101289930397846
 0.09874841770884407
 0.1009966831138559
 0.09575489543621502
 0.09595332198522562
 0.08590320133732142
 0.09696648905678941
 0.09837276045735725
 0.1013852553382418
 0.09573405872520185
 0.09517231740374957
 0.08660958376530913
 0.09355025387458948
 0.09851197896702947
 0.09666033312584882
 0.09739835727567604
 0.0955564754477715
 0.09540922387274697
 0.09921169285926033
 0.09769877174253626
 0.09637660504500122
 0.09568155517131012
 0.08776172286367324
 0.08936783537716517
 0.09847624078934188
 0.1002588649447034
 0.09558179743026674
 0.09645154223754041
 0.09528441635440689
 0.08702011261771893
 0.08673759277268736
 0.09385009323383788
 0.09756362026903365
 0.08827151295859824
 0.08745747538089792
 0.09695674293209558
 0.09980405803373114
 0.09575640970713403
 0.08854563795015784
 0.09796433024320679
 0.09554695180904768
 0.08632131834025798
 0.09850289335852236
 0.0967161827203698
 0.09535806206084503
 0.0948873015740259
 0.09966769787649631
 0.09708578680734069
 0.08900561780022788
 0.09823451531921212
 0.0997376558778106
 0.09592851505157551
 0.08810363216122277
 0.09594425464820863
 0.08947742732108772
 0.1006300154029607
 0.09558953917662991
 0.09597853926790285
 0.1001698557451311
 0.09615175505418658
 0.09003310502254377
 0.09543605188816505


