# Created by Octave 4.0.0, Mon Jun 29 12:51:43 2020 EEST <li9i@spell>
# name: errors
# type: matrix
# rows: 100
# columns: 1
 0.07455903701094937
 0.0860197651705691
 0.07721308179317794
 0.09835984953221442
 0.05782499459576311
 0.07274042892367401
 0.08761655094786544
 0.05684091835992899
 0.07744888637030155
 0.05349663540821911
 0.08392526437253503
 0.08373392383018947
 0.05772564421468215
 0.07484771205588156
 0.05782499459576311
 0.07406706420535376
 0.07678775944120329
 0.05936901548787867
 0.07347067442183913
 0.07641007786934892
 0.07643768703983628
 0.08594067721399493
 0.09797724225553664
 0.05953024441407873
 0.08575039358510307
 0.1000239971206901
 0.0938289933869062
 0.08301355311032138
 0.0807047086606483
 0.07681256407645885
 0.08613042435748158
 0.05861919480852688
 0.09185646411657766
 0.0775541746136207
 0.08543845738307791
 0.09053601493328479
 0.08658619982422082
 0.0636211442839561
 0.07612253280074099
 0.07274042892367401
 0.09094663270292146
 0.06537644835871784
 0.1185015189776066
 0.07837882367068362
 0.07235917357184159
 0.08620208814176085
 0.1051894481400115
 0.05773387220687678
 0.07788228296602508
 0.1000239971206901
 0.08183794963218496
 0.09261123042050483
 0.08594067721399493
 0.07484771205588156
 0.1142215391246322
 0.0636211442839561
 0.07925111986590402
 0.0576459885855042
 0.09954747611064708
 0.08536960817527575
 0.08865799456337874
 0.04228297529739464
 0.09072353608628837
 0.08493209051942661
 0.07455903701094937
 0.09552533695308306
 0.09141908991014974
 0.09796555517119331
 0.08668592734694604
 0.06730898899849777
 0.05291814433632368
 0.05399648136684435
 0.05746738205277796
 0.08369617673466276
 0.1001249219725039
 0.05492139837986717
 0.1054788130384484
 0.0749400427008159
 0.07681256407645885
 0.08516067167419519
 0.08205394566990633
 0.07406490396942385
 0.0756508426919356
 0.0587812895401254
 0.09782969896713432
 0.07986845434838541
 0.07934765276931544
 0.07833677297412774
 0.09052474799744026
 0.09808159868191367
 0.05470228514422452
 0.08001656078587657
 0.08497299571040115
 0.0525038093856063
 0.09135912652822376
 0.06410319804814767
 0.05936901548787867
 0.08499347033743257
 0.08555325826641624
 0.08499347033743257


