# Created by Octave 4.0.0, Mon Jun 29 12:07:31 2020 EEST <li9i@spell>
# name: errors
# type: matrix
# rows: 100
# columns: 1
 0.1176843659965084
 0.1171599334243648
 0.117462249254811
 0.1179064883710777
 0.1171892913196382
 0.1179303184087931
 0.1149207117973048
 0.1175459484627181
 0.1197882298057662
 0.1167200068540093
 0.1240006451596155
 0.1176843659965084
 0.1171054225900798
 0.1177680771686488
 0.1167994006833926
 0.1177680771686488
 0.1171307389202359
 0.1175170200439019
 0.1177634917960605
 0.1169670893884301
 0.1174912762718984
 0.1171054225900798
 0.1183868235911425
 0.1179064883710777
 0.1179404934702292
 0.1171599334243648
 0.1179612224419474
 0.1175170200439019
 0.1178227906646301
 0.1177083259587074
 0.1149207117973048
 0.1224660769356089
 0.1178752306466452
 0.1177939302341173
 0.1240006451596155
 0.1180705297692872
 0.1183868235911425
 0.1172437631603466
 0.1163491727516826
 0.1225466849816801
 0.1224660769356089
 0.1149207117973048
 0.1178202020028797
 0.116269428484018
 0.1215974506311681
 0.1156222296965416
 0.1149207117973048
 0.1149207117973048
 0.1160089651708043
 0.116269428484018
 0.1169670893884301
 0.1221711913668753
 0.1240006451596155
 0.1215974506311681
 0.1180972480627751
 0.1176692398207805
 0.1179872874508126
 0.1178538501704558
 0.1223642513154903
 0.1225253035091077
 0.1188856593538585
 0.1177939302341173
 0.1177083259587074
 0.1175170200439019
 0.1183868235911425
 0.118897981479922
 0.11868887900726
 0.1240006451596155
 0.1180970787106993
 0.1175431835539642
 0.1179587215936171
 0.1240600257939652
 0.1224660769356089
 0.1183219759807966
 0.1177680771686488
 0.1179037319171876
 0.1240006451596155
 0.1177680771686488
 0.1237411815039771
 0.118674765641225
 0.1116109313642729
 0.122444763056658
 0.1125792165543952
 0.1179037319171876
 0.1179872874508126
 0.117569766521841
 0.1125792165543952
 0.1183868235911425
 0.1171599334243648
 0.1177615387127713
 0.1172982949577656
 0.1171599334243648
 0.117462249254811
 0.1145728152748259
 0.1176816893148599
 0.1177634917960605
 0.1167589397005624
 0.1179037319171876
 0.122079195606791
 0.1180444831408879


