# Created by Octave 4.0.0, Mon Jun 29 12:51:55 2020 EEST <li9i@spell>
# name: errors
# type: matrix
# rows: 100
# columns: 1
 0.1855030997045614
 0.2327178764083261
 0.2533944948099721
 0.2314307239758789
 0.1957913430159778
 0.2384069839581052
 0.2332115134379086
 0.2112027698681992
 0.2389594107793219
 0.2236112027605044
 0.2382852282454791
 0.2052380325378325
 0.213758040784435
 0.2685727089635141
 0.2551283010565469
 0.2198123062978966
 0.2382835705624723
 0.2457466174741798
 0.2510440001274674
 0.2210859787503497
 0.1846182277024688
 0.1849331230472255
 0.2362104358405858
 0.2271551232087889
 0.2353076709331862
 0.2331591087648091
 0.2267096160289642
 0.2388701948757965
 0.2013340756056977
 0.2094129890909348
 0.2254230245560557
 0.2001352042994938
 0.1946500706395977
 0.2215252807243448
 0.2262809094908347
 0.2393341597014506
 0.1919122976778713
 0.2041621169561103
 0.2286030620967257
 0.2278357522427062
 0.1917633958814873
 0.248734577411346
 0.2332081044903895
 0.2343165593806809
 0.1938016511797587
 0.2415107658055837
 0.2215064784605623
 0.2186428366080191
 0.2403789716260553
 0.2402211689256395
 0.2129643162597897
 0.2267902334757845
 0.1950288696578034
 0.2057627760310392
 0.2239878791363512
 0.2224577487973852
 0.1977474399328615
 0.2031462773471393
 0.2432447738390298
 0.2326830032469075
 0.2287110185364945
 0.2461482886391877
 0.2293073265292671
 0.2192835607153453
 0.2506312430643887
 0.2349322029863081
 0.2265508552179867
 0.2158032668890836
 0.2215384616720101
 0.1999834243131166
 0.2271046014505215
 0.2272428216688052
 0.2360938796326582
 0.1865200525412749
 0.1959416749953922
 0.2225140445005681
 0.1980851584546416
 0.2127489130407025
 0.1968466662151016
 0.2209714234918179
 0.2192099450298722
 0.2433775873000634
 0.22983298283754
 0.1973201712952835
 0.1981479245412383
 0.2147077082919951
 0.2301327008488805
 0.2401146809339234
 0.2271370731518762
 0.1951436906487111
 0.2372277386816317
 0.2358715752268589
 0.2234274155066927
 0.2262132180046083
 0.2382305605920461
 0.2265842448185663
 0.2349248603277228
 0.2289808943995104
 0.2179924998709838
 0.2376509415087595


