# Created by Octave 4.0.0, Mon Jun 29 12:07:52 2020 EEST <li9i@spell>
# name: errors
# type: matrix
# rows: 24
# columns: 1
 0.1270641570231363
 0.1272481826982222
 0.1298730534021581
 0.1292899454714083
 0.1310457935227189
 0.1318473359609493
 0.1316700801245309
 0.1295741100683295
 0.1246160503306042
 0.1236674977510253
 0.1308234306231131
 0.1269369134649159
 0.1263766196731052
 0.1274576400220858
 0.1273219933868493
 0.1375629674003876
 0.1286247254613192
 0.1214186970775077
 0.128207839073904
 0.1238271779537892
 0.1290306165218126
 0.1293341795504999
 0.1236709343378623
 0.1292106032800738


