# Created by Octave 4.0.0, Mon Jun 29 12:53:20 2020 EEST <li9i@spell>
# name: errors
# type: matrix
# rows: 100
# columns: 1
 0.1241952092473768
 0.1314175026394875
 0.1776545242880112
 0.1909649182441633
 0.08609761901469883
 0.1083278819141232
 0.08436456602152406
 0.1894867277674086
 0.1148046166319099
 0.1465486949788364
 0.1732425467372269
 0.1321063586660381
 0.1600610508524797
 0.1450107927017857
 0.07557148933294915
 0.1522157679085847
 0.1047718473636866
 0.117635581351902
 0.1186494837746874
 0.1440049999131976
 0.08341918244624616
 0.2056233692944462
 0.1253641894641369
 0.1070037382524552
 0.1359804765398327
 0.08657944328765352
 0.1245942213748307
 0.1283309783333711
 0.1325701700987059
 0.1489263240666331
 0.06970351497593133
 0.1389557123690866
 0.1364376047869499
 0.06956673055419384
 0.1450000344827541
 0.1103974637389834
 0.112488399401892
 0.1398569626439821
 0.1200215397334987
 0.13717583606452
 0.121763418151759
 0.1540541463252455
 0.1398241753059885
 0.1784422035282011
 0.1207348334160448
 0.1478342991325087
 0.07431513977649422
 0.1109465186474989
 0.07870406596866478
 0.07412185912401248
 0.1734937751044696
 0.1359033847996432
 0.1140537154151507
 0.1336795047866366
 0.1091056368846268
 0.1383144967094914
 0.1024079098507532
 0.140894464050225
 0.1520533130188216
 0.0831973557272128
 0.165684097003908
 0.1351695601827567
 0.1494306862729347
 0.1928307548084593
 0.1456310406472468
 0.08491483969248291
 0.1335356506705241
 0.1502331854152081
 0.1610857225206506
 0.1299222074935615
 0.1120446339634348
 0.08191123244097977
 0.128079077135963
 0.1244710809786758
 0.1229162723157512
 0.08651670358953725
 0.1551696168713457
 0.1420966220569654
 0.1164001718211795
 0.1250435524127501
 0.1107129622040704
 0.1401258363043727
 0.08255822188007629
 0.1042661977824074
 0.08513501042461963
 0.1736426214959908
 0.08303469154516083
 0.1868856602310627
 0.07084475986267559
 0.05931879971813336
 0.2044205713718654
 0.1363434633563344
 0.1366386841271534
 0.1340100369375376
 0.1086769984863396
 0.1381122007644509
 0.1341726127046796
 0.1194151162960543
 0.08901640298282079
 0.139488529994405


