# Created by Octave 4.0.0, Mon Jun 29 12:07:45 2020 EEST <li9i@spell>
# name: errors
# type: matrix
# rows: 82
# columns: 1
 0.138681289293112
 0.1378068938769076
 0.1401121336644324
 0.1377506805790778
 0.1376542044399695
 0.9327452010061511
 0.931048623864517
 0.1389055794415764
 0.1387745293632796
 0.9291528022881971
 0.1392627732023166
 0.1404266712558551
 0.137249881602866
 0.1389908270354579
 0.1408313175398149
 0.1378765389759964
 0.1378778082216323
 0.138100036205644
 0.1383301124123018
 0.9311644537889118
 0.1408767191554365
 0.1370262748526704
 0.1387735565588767
 0.9310130020574363
 0.1407791532862741
 0.1360056616468618
 0.1418730770794795
 0.9296404089754307
 0.1381004344670926
 0.1412470530666084
 0.1383234253479867
 0.930492692072323
 0.1374371492719513
 0.1400298896664559
 0.1415517573186594
 0.1398902426904731
 0.1400698754193786
 0.1390922355848776
 0.9326643554891592
 0.9283780964671667
 0.1389495232089684
 0.1394033715517679
 0.137661759395989
 0.1378933645974353
 0.1394430349641019
 0.137983513507956
 0.136181129382894
 0.137209329128891
 0.1367254914052248
 0.1371604170305701
 0.1412360081565586
 0.1403132566794761
 0.1387551800834877
 0.1376537685644709
 0.1406040184347513
 0.1402016405039563
 0.1396203423574074
 0.1400230338194392
 0.1414539147567174
 0.1386810008616859
 0.1397994277527613
 0.1371618387161642
 0.1396200916773819
 0.1391333892349335
 0.9302928624900869
 0.1375198167538035
 0.1382868034195617
 0.9280546805011032
 0.1387004325876479
 0.1385141869990248
 0.1357295104242288
 0.1374336567220699
 0.137564130499197
 0.1388598214027358
 0.1372598266063303
 0.1387501711710682
 0.9291921921755527
 0.1398462727426113
 0.1384214578741316
 0.1395805860426191
 0.1373934496255197
 0.1380180060716678


