# Created by Octave 4.0.0, Mon Jun 29 12:53:49 2020 EEST <li9i@spell>
# name: errors
# type: matrix
# rows: 100
# columns: 1
 0.01071154965446219
 0.1061560708391199
 0.02431397846918504
 0.1193398628120546
 0.03398020024955758
 0.04401574995385243
 0.04636766788399094
 0.0663319251115177
 0.04549753703223953
 0.03514604929433849
 0.03903068152108089
 0.02856294363331631
 0.117643963823054
 0.08829399619453082
 0.115397159843733
 0.02020701761765055
 0.03268095049107349
 0.04832304833099994
 0.03534697329333958
 0.03364188949806395
 0.09261531012203168
 0.04000371758974513
 0.1065284907853296
 0.06797567230267096
 0.04696569475691796
 0.05924900526591275
 0.0653244238321318
 0.0694167867377924
 0.1143323190921977
 0.08139082995030961
 0.05239497656264385
 0.1144665054983346
 0.06300673046588019
 0.04971310145223385
 0.04282786504134978
 0.1056386567502636
 0.02842619462749101
 0.1152754022157374
 0.07372256141101013
 0.02824645055577854
 0.0451567393530594
 0.08189982134290638
 0.06384824840197352
 0.01392047502781484
 0.096071400968239
 0.04898730885647862
 0.04635068172098486
 0.03931297039146297
 0.02610931981113403
 0.04977512105460068
 0.04131255818755399
 0.02003320056805726
 0.1157613873491504
 0.04758304871485247
 0.0539956711227858
 0.01703939212530678
 0.1066885460393955
 0.04303726479459474
 0.05295288858032321
 0.09331198523769582
 0.03056960817544137
 0.0438722165042981
 0.05532087961158963
 0.02283354166571702
 0.04286293737018061
 0.06837069329032763
 0.05577130907554519
 0.0577932103365104
 0.06635564229212197
 0.02876539872833338
 0.04162614684306025
 0.1052752263782899
 0.04018369272478606
 0.04183028841641035
 0.1005553391173247
 0.04682926375675928
 0.06391712250250414
 0.04840845303250405
 0.02010041482159072
 0.1075064476019931
 0.04529644093082853
 0.03251328806811058
 0.03795120052119656
 0.04567871018319268
 0.03349988395502144
 0.02590018949737735
 0.0456670176385548
 0.09525633621444918
 0.04481062674187899
 0.07145259945586455
 0.04329496622010529
 0.1113154911771047
 0.1002977871141746
 0.0930414466783495
 0.03814747788517644
 0.1050901627365763
 0.09910344710957333
 0.1170458740878986
 0.07194517651656777
 0.05695835268860954


