# Created by Octave 4.0.0, Mon Jun 29 12:51:34 2020 EEST <li9i@spell>
# name: errors
# type: matrix
# rows: 100
# columns: 1
 0.03938756148836893
 0.05501127157228798
 0.05720000000000033
 0.039406090899759
 0.04935392588234412
 0.03615314647440668
 0.03304784410517696
 0.01507481343168014
 0.01322800060477741
 0.03226840560052485
 0.04302766551882613
 0.04782394797588348
 0.01275813465989328
 0.04840630124270932
 0.02210633393396742
 0.003612478373638121
 0.03713031106791204
 0.05779247355841474
 0.02792704782106448
 0.02383988255004493
 0.07923282148200957
 0.03989498715377657
 0.0365509233809482
 0.02832701890421815
 0.0435876129192676
 0.0287174163183239
 0.02540433033953019
 0.04310185610852412
 0.05623922118948755
 0.02649094184810978
 0.03901499711649319
 0.04339135858670448
 0.03124163888146586
 0.03419897659287359
 0.03706818042472516
 0.006389053137983158
 0.0464151914786521
 0.03168911485037101
 0.04419999999999893
 0.02701592123174737
 0.0101414989030205
 0.02487086649073656
 0.01585496767577859
 0.0374300681271086
 0.01528692251566667
 0.0300707499075113
 0.03245489177304334
 0.02840017605579187
 0.02549999999999938
 0.02775211703636256
 0.04080747480548105
 0.04208942860148977
 0.05491784773641336
 0.05017818250993099
 0.05866123080877068
 0.03995009386722351
 0.02910154635066634
 0.02738795355626176
 0.03784772119956388
 0.05927596477493943
 0.04572231402717965
 0.03118268750444687
 0.03559845502265575
 0.04078945942274728
 0.02930068258590495
 0.07531673120894132
 0.04079338181617139
 0.03169858040985401
 0.003397057550291016
 0.05258564442887453
 0.01716857594560399
 0.03990814453216141
 0.02713982313870086
 0.05298792315235604
 0.01262101422231911
 0.0156524758424978
 0.04231926275350346
 0.007286288492778126
 0.01375572608043459
 0.06098934333143798
 0.03139681512510557
 0.02561269216618913
 0.03662308015445996
 0.04373785545725719
 0.05149184401436827
 0.01526204442399593
 0.01910026177831078
 0.05658489197656791
 0.03497041606844315
 0.0551496146858708
 0.02278793540450796
 0.04806672445673865
 0.05672080746956942
 0.01199416524815188
 0.02985196810932311
 0.05510136114471249
 0.03842460149435496
 0.02840281676172234
 0.05847879957728194
 0.03961843005470938


