# Created by Octave 4.0.0, Mon Jun 29 12:52:11 2020 EEST <li9i@spell>
# name: errors
# type: matrix
# rows: 100
# columns: 1
 0.04586327506840298
 0.04536883952670585
 0.04007692602982347
 0.07627791292373054
 0.04433200198502213
 0.07736195512007227
 0.04642761678139556
 0.08901244912932248
 0.07067875847806199
 0.07405702127415156
 0.08164891242386708
 0.06809483166878548
 0.07848014080007941
 0.08207180331880093
 0.04354235753837867
 0.04822779281700453
 0.03557437842043038
 0.03875397269958224
 0.03300927899848831
 0.07980800022554066
 0.07574666263275384
 0.06181530231261594
 0.04205282868012546
 0.0797508626912581
 0.04251141023301897
 0.08333887988208086
 0.07456756399400646
 0.07798518064350342
 0.07134908899208162
 0.03090633592000302
 0.07234058335402051
 0.04962897238509181
 0.07480930490253232
 0.0383200013048016
 0.07970985447233027
 0.02975151256658981
 0.03860854957130607
 0.04662456541352399
 0.03670946608165304
 0.0826800707546862
 0.07370408740361648
 0.03950104428999299
 0.06868583842394263
 0.07202608971754637
 0.08557780085980221
 0.04165794522056947
 0.07503071637669452
 0.08022595652281209
 0.0663742419919064
 0.03949539720018149
 0.04645489855763462
 0.07483588711307003
 0.08146163575573634
 0.04578213734635075
 0.08275589465409833
 0.04054153919130477
 0.07912472496002805
 0.07885429601486513
 0.07844802419436699
 0.03584942956310558
 0.03865745594319577
 0.03614420562137268
 0.05010748846230657
 0.07998936429301284
 0.04307264677263494
 0.08119059366700015
 0.04768138420809678
 0.08077546409646869
 0.04707988530147605
 0.06941906726541268
 0.08023650291482065
 0.04039490190605792
 0.07296994244207862
 0.04094216530668532
 0.03847391453959475
 0.0855304624096007
 0.04313228025504778
 0.04485044592866538
 0.06814254471327177
 0.04544671165222085
 0.03844750837180575
 0.04785512407255825
 0.07912601910876273
 0.04211709866550777
 0.08278126660060302
 0.0416550069019328
 0.03898511126058413
 0.05329655242133349
 0.03456333895907573
 0.07814027386693742
 0.07513048382647396
 0.03914719019291212
 0.04771425363557661
 0.04343850941273368
 0.07902158186217162
 0.04008281551987087
 0.07923267570895214
 0.07327051521587859
 0.06587766237504096
 0.04045444969345158


