# Created by Octave 4.0.0, Mon Jun 29 12:51:45 2020 EEST <li9i@spell>
# name: errors
# type: matrix
# rows: 100
# columns: 1
 0.0934344690143853
 0.09501294648625466
 0.09451417883048054
 0.09549240807519772
 0.09434452819321328
 0.09358723203514402
 0.09526746559030473
 0.09473805993369305
 0.0952506167959027
 0.09621247320384223
 0.09235372217729039
 0.09468606022007603
 0.09435867739641031
 0.09470227030013574
 0.09386591500645981
 0.094993105012943
 0.09324382017056164
 0.0938989350312341
 0.09470227030013574
 0.09381023398329244
 0.09344993311929094
 0.09544155279541472
 0.09344014126701565
 0.09408443016780171
 0.09376806492617919
 0.09463297522534191
 0.09316490755643973
 0.09448327894394896
 0.09335507484866518
 0.09454866471822816
 0.09380047974291038
 0.09401712609945055
 0.09331586145988202
 0.09521848560022385
 0.09586792998704047
 0.09369551750217303
 0.09374795997780426
 0.09321743399171604
 0.09472407296986347
 0.09509726599645121
 0.09559340981469341
 0.09471145654037862
 0.09363898760665808
 0.09437568542797452
 0.09434156030085582
 0.09504630450470007
 0.09498010317955993
 0.09369551750217303
 0.09378070163951631
 0.09465014527194282
 0.09362398197043344
 0.09396408888506294
 0.09353865511113618
 0.09454866471822816
 0.09365730083661407
 0.09361901516251887
 0.09485847352767122
 0.09276362433626643
 0.09310923692094102
 0.09480464123659822
 0.09506234796174554
 0.09389574005246325
 0.09375910622440947
 0.09496530945561198
 0.09343243548147483
 0.09350465229067505
 0.09550837659598282
 0.09489072662805392
 0.09447883360838001
 0.09420705918348045
 0.09546454839363228
 0.09415412895885089
 0.09442817376186036
 0.09407279096529496
 0.09380047974291038
 0.09538825923561041
 0.09508438357585257
 0.09514830529231694
 0.09507891459203759
 0.09472407296986347
 0.09429114486525161
 0.09389616605591539
 0.09452116165176888
 0.09266202026720552
 0.09434219628564856
 0.09482156927619417
 0.09411917976693136
 0.09495878053134441
 0.09415274823392
 0.09437171186324793
 0.09358723203514402
 0.09424017190137064
 0.09458229221159693
 0.094154978625667
 0.09348395584270026
 0.09465120178846118
 0.09351989093235775
 0.09665816054529444
 0.09390575062263277
 0.09612642716755937


