# Created by Octave 4.0.0, Mon Jun 29 12:51:47 2020 EEST <li9i@spell>
# name: errors
# type: matrix
# rows: 97
# columns: 1
 0.09522195125074785
 0.09539737941893349
 0.09581633472430531
 0.09513238144816823
 0.09273968945386794
 0.09203151634087095
 0.09598301933154597
 0.09348652309290417
 0.09329705247219772
 0.09473209593374313
 0.09473721549633997
 0.0960600333125079
 0.09302085787607065
 0.0930231154068706
 0.09417032441273679
 0.0941365497561925
 0.09549240807519772
 0.09230666281477128
 0.09525093175397328
 0.09676218269551318
 0.09463540563657982
 0.0953877350606452
 0.09410297551087232
 0.09198679253023181
 0.09378869867953102
 0.09490732321586177
 0.09457378072171907
 0.09520950582793708
 0.09607549115149044
 0.09287028588305259
 0.09549198919281118
 0.09580501030739472
 0.09597134989151734
 0.0933680887669865
 0.0936039529079829
 0.09283539195802452
 0.09578564610629214
 0.09338249300591614
 0.09456733051112361
 0.09377126425510134
 0.09414483522743056
 0.09317381606438652
 0.09732548484338532
 0.09201896543647947
 0.09223502588496363
 0.09283302214190774
 0.09365708729188611
 0.09426611268106867
 0.09554962061672521
 0.09513027909135953
 0.09103186255372395
 0.09271396874257998
 0.09350165773931457
 0.09679380145443184
 0.0942220780921333
 0.09043301388320543
 0.09698355530707196
 0.09396408888506294
 0.093590864938839
 0.09514830529231694
 0.0952548161512061
 0.09226787089772912
 0.09660522760182316
 0.09496025484380219
 0.09283490722783105
 0.09451904569979473
 0.09341546981094706
 0.09507986116944088
 0.09327877572095393
 0.09276599592523094
 0.09302085787607065
 0.09352010479036063
 0.09375846628438315
 0.09328842371913017
 0.09129211356957365
 0.09587095493422292
 0.09314531657576762
 0.0953211414115465
 0.09494250891987234
 0.09567549320489581
 0.09213088515801829
 0.09477151470774235
 0.09514830529231694
 0.09369082132204848
 0.09513027909135953
 0.09503962331575215
 0.09384966702125208
 0.09627980058142989
 0.09506508296951027
 0.09274653632346494
 0.09530461688711621
 0.09580156574920864
 0.09341611210064334
 0.09345335735007126
 0.09493413506215732
 0.09319538615189001
 0.09631656140041582


