# Created by Octave 4.0.0, Mon Jun 29 12:52:27 2020 EEST <li9i@spell>
# name: errors
# type: matrix
# rows: 100
# columns: 1
 0.1894394362322675
 0.2862725973613267
 0.239910399941312
 0.2706710180274211
 0.2534184089603599
 0.2534184089603599
 0.2479374316233827
 0.2558028342298033
 0.2505313553230422
 0.2091392837321575
 0.2158472839764246
 0.266377044806792
 0.1865832253982122
 0.2442452865461273
 0.2088556439266118
 0.2448811956847633
 0.259046115585623
 0.2673247089215645
 0.243431242859251
 0.2954620957077244
 0.2489652586205558
 0.207025843797338
 0.2127897788898702
 0.2695258243656815
 0.2151873834591602
 0.2082609180811412
 0.2360587215080168
 0.263145587080611
 0.2055828057012546
 0.2010409162334859
 0.2639959469385827
 0.2167907977751816
 0.2573094051914925
 0.262010266974407
 0.1869862294394957
 0.2051278869388544
 0.2597453560701327
 0.3182238991653526
 0.1811850435328469
 0.1782081086819557
 0.2500548939733023
 0.2613993305270683
 0.2809585912550096
 0.2083086652062252
 0.2969612264252676
 0.2378281942915942
 0.2690519094895991
 0.2690519094895991
 0.28782684030507
 0.2192457297189621
 0.251039379381005
 0.240265270066232
 0.240265270066232
 0.2034052605022774
 0.205048725916547
 0.2880770035945233
 0.2498978391263112
 0.3079764439043984
 0.1914981984249442
 0.161759883778395
 0.2334067908180891
 0.2118486488038099
 0.2118486488038099
 0.2568120908368603
 0.1787222705764449
 0.262482380361043
 0.2107706099056517
 0.2693895506510961
 0.254889662403165
 0.1715003498538704
 0.2510657284457586
 0.2636072267598129
 0.2118921659712781
 0.2510174695115853
 0.2647102000301472
 0.2560787574165423
 0.24267154756996
 0.2315215972647038
 0.2711896937569727
 0.2214445528794963
 0.2663570911389442
 0.2601026335891272
 0.240993547631465
 0.2012497453414531
 0.2453176919832731
 0.2595255093434946
 0.1889775118896408
 0.2428914366543206
 0.2742822816005454
 0.2359290147480809
 0.2615440689444144
 0.2942709125958581
 0.2942709125958581
 0.1674909549796636
 0.1854644170723865
 0.2693944505738742
 0.209446532556639
 0.2051049731235187
 0.2144657548421181
 0.3008856427282638


