# Created by Octave 4.0.0, Mon Jun 29 12:07:10 2020 EEST <li9i@spell>
# name: errors
# type: matrix
# rows: 100
# columns: 1
 0.07555898358237402
 0.07688621462916231
 0.07504138857991696
 0.07692593840832763
 0.07635738340200039
 0.07629790298561079
 0.07513574382410118
 0.08041405349812886
 0.07597216595570422
 0.07653319541218742
 0.07673284824637247
 0.07585103822625983
 0.0760040130519556
 0.07561124255030793
 0.07732541626140912
 0.07553992321945778
 0.07637447217494903
 0.07734759207629294
 0.07529701189290415
 0.07486474470671856
 0.0770696438294653
 0.0770696438294653
 0.07723211767135296
 0.07520139626364185
 0.07651535793552419
 0.07670860447174339
 0.07497546265280236
 0.07497546265280236
 0.07567621819303887
 0.07857206882857182
 0.07618556293683336
 0.07628499197090688
 0.07575222769002117
 0.07575222769002117
 0.07520139626364185
 0.07573057506714644
 0.07573057506714644
 0.0781026247958465
 0.0781026247958465
 0.07703979491146586
 0.07755417461362436
 0.07807240229429568
 0.07592634588863853
 0.07606852174192795
 0.07794895765821576
 0.07732541626140912
 0.07677115343669615
 0.07677115343669615
 0.07673284824637247
 0.07590026350416081
 0.07529701189290415
 0.07726066269455709
 0.07628499197090688
 0.07839923469014594
 0.07653032078856653
 0.07573057506714644
 0.07732541626140912
 0.07522134005719236
 0.07724467619196661
 0.07638690987336853
 0.07464971533770455
 0.074798195165396
 0.07722026935980834
 0.07755417461362436
 0.07865526047252563
 0.07865526047252563
 0.07549304603737289
 0.07539051664500789
 0.07590026350416081
 0.07522134005719236
 0.07726221586260563
 0.07424284477309108
 0.07483755741605774
 0.07583152378794342
 0.07663223864668173
 0.07587621498205019
 0.07713138142158131
 0.07672079248808947
 0.07774754015402016
 0.07673916861682251
 0.07634055278815648
 0.07637447217494903
 0.07663223864668173
 0.07542784631686633
 0.07951358374518289
 0.07538335360012832
 0.07624604907797787
 0.07561124255030793
 0.07615700886984046
 0.07885239374934158
 0.074798195165396
 0.07508029035640498
 0.07729747731977903
 0.07494964976570222
 0.07561858237233278
 0.07681178295028919
 0.07602585086666949
 0.07613093983396116
 0.07638690987336853
 0.07766723891062983


