# Created by Octave 4.0.0, Mon Jun 29 12:51:37 2020 EEST <li9i@spell>
# name: errors
# type: matrix
# rows: 100
# columns: 1
 0.01841412501315257
 0.01609005904277542
 0.01672871782295242
 0.01829890707118883
 0.01429999999999865
 0.01768530463407272
 0.01825842271391371
 0.01763859404827804
 0.01671466422037746
 0.01463728116830425
 0.01063813893498323
 0.01857444481000706
 0.01906331555632392
 0.02044749373395159
 0.01767851803743779
 0.01708449589540167
 0.02114190152280522
 0.01906331555632392
 0.01530294089382807
 0.01615332783051076
 0.01589024858206989
 0.01670478973228958
 0.01306330739131371
 0.01926343686884464
 0.01788435070110061
 0.0178179684588332
 0.01808784122000121
 0.01901578291840642
 0.01971851921418007
 0.01330601367803213
 0.02016977937410229
 0.01578892016573503
 0.01961631973638095
 0.01706604816587548
 0.01496562728387861
 0.01582561215245576
 0.01696496389621701
 0.02094182418033231
 0.0219790809634985
 0.01498565981196592
 0.01719447585708768
 0.01750942603285332
 0.01956041921841036
 0.01991230775173914
 0.01484890568358478
 0.01970101520226715
 0.02429032729297772
 0.02141331361559899
 0.02078701517774872
 0.01924421991144261
 0.01723861943428139
 0.02238079533886086
 0.01372443077143824
 0.01477328670269421
 0.01020000000000005
 0.01461540283399466
 0.02182842183942758
 0.01724093964956528
 0.01866815470259417
 0.01547384890710616
 0.01360624856453759
 0.01726962651593856
 0.0149753130184304
 0.01498565981196592
 0.01856071119326875
 0.01657226598869174
 0.01786756838520446
 0.02002623279601037
 0.01947434209414961
 0.01479999999999926
 0.01489328707841198
 0.01698146047900392
 0.01787176544161144
 0.02070772802602888
 0.01659216682654731
 0.01463283977907202
 0.01887432117984537
 0.01755704986607901
 0.01900657780874716
 0.0216270663752613
 0.01982170527477336
 0.01910235587564919
 0.02076246613482991
 0.01773696704625645
 0.02058275977608256
 0.01396065901023264
 0.01516476178513659
 0.01875153327064068
 0.0155116085561743
 0.01768191166135588
 0.01974639207551446
 0.0178263849391839
 0.01927744796387695
 0.01989271223337694
 0.01673588957898477
 0.01721859460002378
 0.01602279626032748
 0.01990226117806698
 0.0190318154677897
 0.01506851021169574


