# Created by Octave 4.0.0, Mon Jun 29 12:52:05 2020 EEST <li9i@spell>
# name: errors
# type: matrix
# rows: 48
# columns: 1
 0.09231061694084974
 0.09243657284863097
 0.093315486388919
 0.09341734314355385
 0.09281556981455255
 0.09290134552308721
 0.09290193754707185
 0.114043719686796
 0.09543542319286004
 0.1140481038860374
 0.09311369394455359
 0.09486095087021083
 0.09321936494098516
 0.09361543676125426
 0.0932105144283657
 0.09331205709875079
 0.09997924784674311
 0.09454311185908813
 0.0936002136749719
 0.09486458770268573
 0.0967800082661726
 0.09322885819316154
 0.09260777505155908
 0.0929137772345955
 0.09240779187925797
 0.1150760618026213
 0.09398515840280457
 0.09372822413766493
 0.09606336450489371
 0.09356179775955807
 0.09341734314355385
 0.09383069860125902
 0.09291555305760191
 0.09150661178297438
 0.09160922442636765
 0.09487138662421141
 0.09471905827234872
 0.09312840597798619
 0.1144014860043357
 0.09522541677514661
 0.09465410714807868
 0.09465410714807868
 0.0937053360273595
 0.09316576624490681
 0.1141705741423787
 0.09205221344432964
 0.09350048128218615
 0.0929137772345955


