# Created by Octave 4.0.0, Mon Jun 29 12:07:27 2020 EEST <li9i@spell>
# name: errors
# type: matrix
# rows: 100
# columns: 1
 0.325435723300314
 0.3254516861225382
 0.326039951539691
 0.3253476294673123
 0.3246052525761094
 0.326214683912301
 0.3262934262285989
 0.3269022636813624
 0.3258543386238738
 0.3245525073081394
 0.3250246144525057
 0.3259283663629159
 0.325435723300314
 0.3245242671973824
 0.3257740628104192
 0.324804140983459
 0.3265899110505497
 0.3260187878021803
 0.3249941076388954
 0.3240466787362596
 0.3243088034574487
 0.3267232774076526
 0.3267232774076526
 0.3229944891170751
 0.324370790916815
 0.3266273258623698
 0.3261722857632232
 0.3250311523531331
 0.3267758252992384
 0.32429888991485
 0.3263693919472247
 0.3235691579863619
 0.3248545674605774
 0.3242262944303
 0.3243900275902511
 0.326556472910883
 0.3244723254763016
 0.3246862485538948
 0.325803437673699
 0.3251797195398353
 0.3253423581398553
 0.3245650936253038
 0.3253848336969661
 0.326564694968707
 0.3237853764455782
 0.32471489032689
 0.326591151135486
 0.3266916589079085
 0.3250241990990845
 0.3245480087752859
 0.324370790916815
 0.3249068943559044
 0.3260687810876771
 0.3260687810876771
 0.323605392414904
 0.3253694822812981
 0.3252961881117008
 0.3264479437827754
 0.3246216412995277
 0.3263103584013323
 0.3235691579863619
 0.3250913871513713
 0.3245423238962859
 0.3264023590601041
 0.3264221193485581
 0.3254120464887546
 0.3255779015842419
 0.3244167843993222
 0.3261780188792655
 0.325172446557203
 0.3259356071373553
 0.3260463924045129
 0.3256817157901262
 0.3253178138374793
 0.3255092010988369
 0.3256708153949307
 0.3256274711998382
 0.3252310102065889
 0.3256817157901262
 0.3267083408791462
 0.3247494110849194
 0.3247494110849194
 0.324134077196466
 0.3257811842326063
 0.3251371556743468
 0.3245531697580548
 0.3248178720452416
 0.3260281276209098
 0.3254209120508461
 0.3256817157901262
 0.3250103382971087
 0.3278031726509099
 0.3271706741136889
 0.3238326728420181
 0.3234292039998821
 0.3240915457089354
 0.3264501952825315
 0.325913316696333
 0.3244384841537753
 0.3253213949312251


