# Created by Octave 4.0.0, Mon Jun 29 12:57:19 2020 EEST <li9i@spell>
# name: errors
# type: matrix
# rows: 100
# columns: 1
 0.04208034339213603
 0.0254288104322631
 0.04364961970052014
 0.02737960007012656
 0.04433701049913153
 0.03464260960147233
 0.109605420030216
 0.1026089942451434
 0.01950905430819362
 0.02244998218262246
 0.04248844078099433
 0.03907001535704824
 0.04143717413144875
 0.0385705716836035
 0.05167673074024728
 0.04660253319295064
 0.03860837344411254
 0.04796041909741828
 0.02857264600977625
 0.03457567352923149
 0.01398492045025627
 0.0443798343845493
 0.02577977889742408
 0.02436083947650483
 0.01646292805062452
 0.01536734850258791
 0.06522925493978941
 0.02320750094258417
 0.03789102400305478
 0.04116038143652164
 0.04329486921102674
 0.03789102400305478
 0.02320750094258417
 0.01646292805062452
 0.1099050544788559
 0.04488871795897169
 0.1026089942451434
 0.04405985133883315
 0.04579721607259655
 0.04073672790001773
 0.02320750094258417
 0.03560402364902063
 0.02502204627923104
 0.03451096637302397
 0.03745051802044966
 0.04374449108173551
 0.04429396911544561
 0.05151361470524099
 0.04798155687344845
 0.02987238189365
 0.01784175159562498
 0.04216980199147273
 0.06589094702612819
 0.04471295673515734
 0.0403262854723821
 0.04658681465822748
 0.04351796410679117
 0.06194128994459168
 0.0394367595017657
 0.02320750094258417
 0.03752790161999531
 0.04705936782405902
 0.02708905498536163
 0.04380790910326644
 0.0414596972974971
 0.03902743778420633
 0.04184737626184071
 0.09399981808493126
 0.0356680319053351
 0.03886743881451497
 0.04479266122926907
 0.03928409347305935
 0.03626678921547939
 0.0235899067399598
 0.02590066601460397
 0.0235899067399598
 0.06107120843736579
 0.03672612830125078
 0.04152339099832872
 0.04806364218408747
 0.03465768890159812
 0.02255691689925736
 0.05838312256123353
 0.0414596972974971
 0.04144544848351966
 0.0458135896869029
 0.03672612830125078
 0.04820785828057601
 0.03776069914606923
 0.02577977889742408
 0.04803717831013867
 0.03914416942534428
 0.04563041967810537
 0.04144544848351966
 0.04590979525112344
 0.04419964818864609
 0.01921939905408114
 0.03612712277499994
 0.04144544848351966
 0.02103508735422787


