# Created by Octave 4.0.0, Mon Jun 29 12:07:20 2020 EEST <li9i@spell>
# name: errors
# type: matrix
# rows: 100
# columns: 1
 0.2051372467398418
 0.2051206961766742
 0.2054662989397567
 0.2051206961766742
 0.2053344832218877
 0.2051206961766742
 0.2051704900808184
 0.2056635115911526
 0.2053510652516804
 0.2051372467398418
 0.2052524543093317
 0.2056635115911526
 0.2054331034668002
 0.2054496775368636
 0.2054331034668002
 0.2051372467398418
 0.2051704900808184
 0.2053344832218877
 0.2050220719825115
 0.2051206961766742
 0.2053676946357438
 0.2053843713625756
 0.2055649045922061
 0.2053510652516804
 0.2051206961766742
 0.2050386305065496
 0.2055482911629347
 0.205235864312269
 0.2051372467398418
 0.2053344832218877
 0.2054331034668002
 0.2051206961766742
 0.2050885906139151
 0.2051206961766742
 0.2053510652516804
 0.2051538447117259
 0.2051372467398418
 0.2051206961766742
 0.2054010954206418
 0.2051206961766742
 0.2053361146997879
 0.2053510652516804
 0.2053179485578414
 0.2053344832218877
 0.2053510652516804
 0.2051372467398418
 0.2055482911629347
 0.2053344832218877
 0.2051372467398418
 0.2053344832218877
 0.2054010954206418
 0.2053344832218877
 0.2054165767410258
 0.2054165767410258
 0.2054010954206418
 0.2054496775368636
 0.2053510652516804
 0.2056968643416901
 0.2051372467398418
 0.2052857764191293
 0.2051372467398418
 0.2053344832218877
 0.2051372467398418
 0.2051372467398418
 0.2055815653214146
 0.2050220719825115
 0.2051206961766742
 0.2051372467398418
 0.2053510652516804
 0.2051372467398418
 0.2050220719825115
 0.2054662989397567
 0.2055317250450703
 0.2053344832218877
 0.2051372467398418
 0.2051206961766742
 0.2051206961766742
 0.2054331034668002
 0.2051372467398418
 0.2053510652516804
 0.2051538447117259
 0.2053344832218877
 0.2052690916821247
 0.2056635115911526
 0.2053344832218877
 0.2054496775368636
 0.2051206961766742
 0.2051704900808184
 0.2051372467398418
 0.2055649045922061
 0.2054662989397567
 0.2053510652516804
 0.2055649045922061
 0.2052524543093317
 0.2051206961766742
 0.2052524543093317
 0.2051206961766742
 0.2051372467398418
 0.2052524543093317
 0.2051372467398418


