# Created by Octave 4.0.0, Mon Jun 29 12:57:14 2020 EEST <li9i@spell>
# name: errors
# type: matrix
# rows: 65
# columns: 1
 0.02494506764873579
 0.02793341368325635
 0.02062815794005837
 0.02675985052275084
 0.01983258934178821
 0.02646855492844265
 0.02570044552142938
 0.0279912146931855
 0.03071239000794306
 0.02869015336313188
 0.02681111896210237
 0.02180022935659086
 0.02281737276725765
 0.02103654914666341
 0.02224072840533784
 0.02575283285388208
 0.03068207294170311
 0.01964362746541469
 0.02488855359397201
 0.03202240465674037
 0.02680167905187941
 0.03034023730955348
 0.02377272596905855
 0.02570908205284655
 0.02070263026767337
 0.02342587458346054
 0.02708006646963834
 0.02921068468899699
 0.02252572751322329
 0.02741927059569655
 0.02727106341894293
 0.0237092408145013
 0.03439409251601134
 0.03003125205515111
 0.02750658284847488
 0.01824719156473084
 0.02638962106586511
 0.03276441514814506
 0.02668894153015401
 0.0252067927352926
 0.02838827927155952
 0.02596404436908796
 0.02482296517340334
 0.02861612307773361
 0.02861612307773361
 0.02044282025553312
 0.03299624827158314
 0.02358719143942318
 0.02619642151134394
 0.02395208550418893
 0.02909708576472942
 0.02444226667066624
 0.03167495067083848
 0.02552928514471099
 0.03192056547118231
 0.02117950896503493
 0.0230138740763042
 0.0283288827877129
 0.0210631645295757
 0.02666545330572742
 0.02755918903015814
 0.02367007604550583
 0.02380273093575611
 0.02592234750172004
 0.02249644416346782


