# Created by Octave 4.0.0, Mon Jun 29 12:57:08 2020 EEST <li9i@spell>
# name: errors
# type: matrix
# rows: 99
# columns: 1
 0.03993219252683194
 0.05732896301172613
 0.05118222347651569
 0.03355607247578341
 0.04372756567658471
 0.04657145048202813
 0.05450449522745718
 0.03374803697994782
 0.03582861984503358
 0.05286548968845253
 0.0360538486156471
 0.04551318490283814
 0.04708386135397094
 0.02995413160149979
 0.04787065907212772
 0.04431128524427987
 0.03687058448139868
 0.04875828134788919
 0.04260011737073053
 0.05764416709433781
 0.03880618507403119
 0.03975550276376712
 0.0488147518686718
 0.03877228391518926
 0.04147866921683969
 0.05347868734365113
 0.03389218198936183
 0.04128437961263234
 0.03217530108639157
 0.05052840785142521
 0.04886972477925258
 0.02988728826775635
 0.03722633476451851
 0.04327609039642939
 0.05690711730530609
 0.0410504567575074
 0.03390368711512121
 0.03292187722472815
 0.03746465000503797
 0.05175480654006803
 0.04268079193267041
 0.0370710129346374
 0.04178097653238732
 0.04969426526270442
 0.0325124591503
 0.04929756586282839
 0.03812846705546852
 0.04755207671595393
 0.05898754105741285
 0.05632566022693289
 0.04322614949310148
 0.04650526851873881
 0.04721662842685779
 0.05613243269269521
 0.06152235366108665
 0.03510056979594538
 0.05114762946608601
 0.04429503358165567
 0.04199345187049969
 0.06231035226990775
 0.04744554773632539
 0.04379874427423694
 0.05531726674375649
 0.04739725730461664
 0.05211621628629549
 0.03721464765384628
 0.03309743192454615
 0.0649569087934445
 0.03545715724645696
 0.0448465160296759
 0.05416982554891479
 0.06137833493994364
 0.04096644968751816
 0.0361333640836277
 0.04370411879903253
 0.03574353088322466
 0.03897242614977791
 0.03608462276371939
 0.04752178447827875
 0.06373797925883642
 0.05033219645515184
 0.04380011415510141
 0.04447133908485321
 0.0513264064590534
 0.05425421642600636
 0.03866846260196947
 0.04276283433075933
 0.0474688318794554
 0.04795883651632907
 0.04364871132118327
 0.03403307215048428
 0.0360227705764009
 0.04336323327428383
 0.04532030450030052
 0.04289393896577805
 0.04224523641784896
 0.0473381452953112
 0.04627764038928486
 0.05784980553122052


