# Created by Octave 4.0.0, Mon Jun 29 12:07:22 2020 EEST <li9i@spell>
# name: errors
# type: matrix
# rows: 30
# columns: 1
 0.2048088132869291
 0.2010669540227807
 0.2059429289876303
 0.2021122460416603
 0.2057720340571083
 0.2034127331314395
 0.2135894426229903
 0.2114050614342116
 0.2219448805447048
 0.2117006613121485
 0.2046844400534621
 0.2034378529182868
 0.2039873770604551
 0.2018338177808709
 0.211289469685553
 0.2051699783106782
 0.2011051963525633
 0.2035628649827941
 0.2113065308976545
 0.2087238606388898
 0.2044567435914131
 0.2124536890712951
 0.2035521063511847
 0.2112477455501134
 0.2109124225834073
 0.2020634801244499
 0.202824308207865
 0.2131142651255498
 0.2102022835270821
 0.2252985574743006


