# Created by Octave 4.0.0, Wed Feb 19 16:20:40 2020 EET <li9i@spell>
# name: errors
# type: matrix
# rows: 98
# columns: 1
 0.01748797205054714
 0.008741172427678521
 0.02093786382829114
 0.005332187979536358
 0.008639416069134147
 0.1065632977794918
 0.01958180301566237
 0.1321394428381761
 0.00214029517127902
 0.02919161741486859
 0.004914831828728023
 0.006612943932987609
 0.006435469634492854
 0.04536282980505516
 0.06532094755945339
 0.01309734959416618
 0.01279624977699312
 0.006495218933964065
 0.04053074648351232
 0.01083870147993557
 0.03302503587955542
 0.01534938458155796
 0.00983775090849686
 0.1135648086185766
 0.04237460680262931
 0.106409785663249
 0.007424685565455367
 0.0673854926301885
 0.06174674806495396
 0.01951188411842269
 0.02004595700098366
 0.004329117543449662
 0.01388615496604446
 0.1064336567996236
 0.04221590001278676
 0.0201833132918584
 0.008237085432273424
 0.03339414823906856
 0.002072041528565426
 0.03929098680179041
 0.008938689397109123
 0.0485579660864848
 0.005372298405827132
 0.03787053384129781
 0.1150009732301989
 0.01940853371324838
 0.002488697039471687
 0.006374956124085749
 0.004861847200284514
 0.0036699813917836
 0.01812460043552241
 0.01312908853213593
 0.01617989935238952
 0.04931076358206166
 0.01437310686394811
 0.04265272018080892
 0.1118605083439763
 0.01012928764497638
 0.004397026209967819
 0.04112961744101439
 0.04097314140215938
 0.04420039350078381
 0.01331805838860563
 0.002706385087044193
 0.00807251034748923
 0.04519024212834789
 0.07152300462160958
 0.036566106833693
 0.000918892816348313
 0.006374315166942349
 0.04411468748365081
 0.01118242471920257
 0.1473205659003261
 0.08630901285841101
 0.02237473886877306
 0.0485579660864848
 0.007571357118408332
 0.01388615496604446
 0.021788225223294
 0.005095850866520738
 0.009746419269126476
 0.005340882079051599
 0.01773364045236598
 0.04601491707749829
 0.03357965338475127
 0.01862512183243631
 0.008069852101025879
 0.01060090920747997
 0.02103857180853296
 0.00578467100841572
 0.01937696823660078
 0.008896669543727564
 0.006563405480681998
 0.02064591268108838
 0.01280728198088881
 0.005644447109236126
 0.02767616387436348
 0.001223528173946633


