# Created by Octave 4.0.0, Mon Jun 29 12:57:19 2020 EEST <li9i@spell>
# name: errors
# type: matrix
# rows: 100
# columns: 1
 0.004425708982750462
 0.004307679189539823
 0.005769584040465948
 0.001790670265570068
 0.008523297483955293
 0.0006395310782123998
 0.001832730203821596
 0.01047296042196239
 0.0007782030583336882
 0.004800354153601294
 0.002237856116910684
 0.006750836985145847
 0.01548213486570956
 0.003147840529631547
 0.006123536559863218
 0.002096091601051692
 0.00505940707988699
 0.003932149539374553
 0.002863791193505165
 0.00109123782925526
 0.003296209944769522
 0.003454924022319536
 0.003685919152666057
 0.005665871512839339
 0.000935360892916335
 0.005821563363909049
 0.01048069654173875
 0.002735781424017435
 0.008741081168826565
 0.005372690201378681
 0.003219254572101522
 0.004277966806790733
 0.004067099703719683
 0.003677200021757086
 0.005210086371643355
 0.005154027551343056
 0.003206898813496623
 0.0011100450441317
 9.433981132094872e-05
 0.001116825859299387
 0.00368490162690931
 0.004637423853822947
 0.007353699749106244
 0.002795943490129858
 0.005523268959593312
 0.00249617707705174
 0.003964252766914502
 0.006565554051259097
 0.01009386447303653
 0.002992056149205407
 0.00287210724033728
 0.004836465651692364
 0.002786844093235411
 0.00629324240753514
 0.007700292202247941
 0.01145073796748486
 0.009686201525881915
 0.003715709891798711
 0.00951830342025389
 0.001751713446884841
 0.003613530129942028
 0.003845334835876279
 0.002331222855069059
 0.004806037869181619
 0.003574632848279773
 0.007045565981523352
 0.007875239678893184
 0.006901630242196303
 0.00593041313906541
 0.002941088233971546
 0.009898656474491573
 0.007783604563440484
 0.006403780133639576
 0.005656933798446983
 0.007659882505626213
 0.002756011611005777
 0.005725740126830433
 0.004622780548545118
 0.002426066775667434
 0.006110073649312007
 0.003021009764963523
 0.007638141135120066
 0.004677018280912919
 0.005447724295519652
 0.002452305038122662
 0.001748370670081039
 0.003981017457887185
 0.01043649845494123
 0.007351360418316768
 0.006276185147046292
 0.003932238548206114
 0.00290688837075004
 0.0009700515450221037
 0.008130344396150437
 0.006393316823057935
 0.001705784277100976
 0.008450023668605755
 0.005646946077305505
 0.002606184951226413
 0.002816842203602122


