# Created by Octave 4.0.0, Mon Jun 29 12:53:22 2020 EEST <li9i@spell>
# name: errors
# type: matrix
# rows: 100
# columns: 1
 0.1303101300743719
 0.008246211251234972
 0.09557259021288411
 0.1506787974467545
 0.1223362987833123
 0.1374413329388225
 0.08426179442665593
 0.1388255379964346
 0.1437026443737194
 0.1019012266854531
 0.1548709139896826
 0.1484173170489208
 0.1118453396436357
 0.1722698174376461
 0.1856063037722591
 0.1502033288579183
 0.1437132213820293
 0.1227528003753888
 0.1232988645527613
 0.150676474607021
 0.1370106565198482
 0.1372503187610148
 0.1418930935599051
 0.1279928904275539
 0.09720046296186126
 0.09556594581753459
 0.1379000362581534
 0.1612955672050534
 0.1435991991621125
 0.1143258938298744
 0.1665432376291507
 0.07571908610119323
 0.1841955482632517
 0.1488067874796047
 0.1107175234549618
 0.05814894668005603
 0.07855908604356412
 0.1484051212054345
 0.1272780028127397
 0.1281379334935608
 0.1047147076584751
 0.1089089987099323
 0.09166995145629799
 0.01990100499974306
 0.1312326940971645
 0.1536679862560832
 0.09772312929905598
 0.1375061453172177
 0.132822927237732
 0.1466110500610368
 0.1341134594289478
 0.1428393503205606
 0.1506686762402862
 0.09896191186512138
 0.09838546640637509
 0.1466321929181986
 0.1288326433789202
 0.1478591897718912
 0.1576611873607446
 0.09443246263865047
 0.1032475181299754
 0.1435699481089268
 0.1994508711437479
 0.0554692707722037
 0.0906781671627738
 0.1351195766719238
 0.1249563523795418
 0.04449943819870365
 0.09959643567919581
 0.1309261242075086
 0.1204599518512275
 0.1421236785338742
 0.1536133457743817
 0.2137033691826119
 0.08504851556611855
 0.1355990044211244
 0.1724972463548336
 0.1480624530392491
 0.1651668853008967
 0.1439395011801841
 0.1398030400241711
 0.1231859164028087
 0.1182020727398634
 0.1339898503618822
 0.1986556065153973
 0.0768318944189184
 0.1784776736737684
 0.1153021248720069
 0.07754256895408848
 0.09163018061752201
 0.1435578280693882
 0.07409271219222707
 0.1724192564651634
 0.06880879304274955
 0.1283160161476347
 0.1410620430874304
 0.2333050363794147
 0.1341042132074909
 0.1829796983274373
 0.07827387814590434


