# Created by Octave 4.0.0, Mon Jun 29 12:51:58 2020 EEST <li9i@spell>
# name: errors
# type: matrix
# rows: 59
# columns: 1
 0.1184185057328484
 0.1279615493029058
 0.1580928448728785
 0.1688962403370798
 0.1326961355880443
 0.1576407929439601
 0.1294405098877478
 0.1589289602306654
 0.121173213211503
 0.1626127288990633
 0.1283231315858521
 0.1128827626345131
 0.1295393766389216
 0.1652393367210123
 0.1273622789526025
 0.1325568862790641
 0.1601795604938425
 0.1299094226759561
 0.169190333352708
 0.121173213211503
 0.1258173739989839
 0.1628474820192199
 0.1584890598748082
 0.1228414278653592
 0.1218269362661639
 0.1222949062716839
 0.1586818754615685
 0.1209400859930265
 0.1587202724922077
 0.1685982870612889
 0.1301696051311519
 0.1586841293261576
 0.1627241349646703
 0.1627090559864454
 0.1332230325431774
 0.1685982870612889
 0.132716963874255
 0.1277955887345104
 0.1585484468545837
 0.1587316984726132
 0.1584960567332853
 0.1286767749051865
 0.1298098609505464
 0.1586818754615685
 0.1620223814786114
 0.1330398075765319
 0.1580928448728785
 0.1685982870612889
 0.1205087337083939
 0.1286452754670787
 0.1326429628740271
 0.1327238396069091
 0.1328200003764512
 0.1564063732716808
 0.1582796983191458
 0.1590863353654247
 0.1305739729042532
 0.1683223778943246
 0.1325568862790641


