# Created by Octave 4.0.0, Fri Jun 12 11:16:11 2020 EEST <li9i@spell>
# name: errors
# type: matrix
# rows: 90
# columns: 1
 0.1432300015964454
 0.1368739820435085
 0.1584858377434071
 0.1545650921817451
 0.1514973525394833
 0.1802425843512033
 0.1546409965035044
 0.1702752650647981
 0.1325886229433081
 0.1552246165742922
 0.1620565022497163
 0.1610571410288088
 0.1562182416435809
 0.1498892269069549
 0.1459909397488479
 0.1434135919852667
 0.1447987252762994
 0.1602051216586241
 0.1353316041629223
 0.1682131947847348
 0.175623678566645
 0.142022617016352
 0.1930167300242244
 0.1613838506435234
 0.1353079920047238
 0.170620406718288
 0.1384874708186042
 0.1416087794305205
 0.1518170552650629
 0.1487953563095786
 0.1437324293426976
 0.1205876481216517
 0.119869429415877
 0.135651065497374
 0.1299759401902732
 0.1235204012760722
 0.1884395637054757
 0.1830055610459063
 0.1379958729975465
 0.1618652138939597
 0.149394635435268
 0.151142274787757
 0.1375101146555641
 0.1680087910106762
 0.1576661933259031
 0.1491627993928968
 0.1915101590154415
 0.1882863440896165
 0.1603579310613251
 0.1584023119493407
 0.1546363442804396
 0.1440859891222209
 0.1488526305083111
 0.1353823469011792
 0.1636678656312867
 0.1671890515393137
 0.1674041457522936
 0.1576113402353969
 0.179781655832058
 0.1609014241350511
 0.1452122566426326
 0.1406376816468424
 0.1448418142710476
 0.1624611248503871
 0.1153619109358301
 0.136479921816926
 0.1500274941335807
 0.169025388224373
 0.1736710582072431
 0.187115000236823
 0.1490287756036519
 0.1643399209001042
 0.1896325336395569
 0.1622243824818567
 0.1735104772593902
 0.1756109134652433
 0.1623678313268605
 0.1251785832664745
 0.1374339501026094
 0.1514362508178915
 0.1332107655309584
 0.1421921125265391
 0.1419943554463061
 0.1353228071738619
 0.110362914542183
 0.1376807318343785
 0.1613733510605866
 0.1602092614299846
 0.1524623153939416
 0.2003223740267856


