# Created by Octave 4.0.0, Mon Jun 29 12:51:35 2020 EEST <li9i@spell>
# name: errors
# type: matrix
# rows: 100
# columns: 1
 0.08052384739938785
 0.02730018314956912
 0.05117040160092601
 0.04228853272460414
 0.02712802978470873
 0.07964483661857669
 0.02018836298465001
 0.04118106360938251
 0.03820471175130084
 0.04273874120747925
 0.01449172177486141
 0.08035079339994108
 0.08052384739938785
 0.03628567210346242
 0.0417633810891779
 0.0306111090945742
 0.0431066120218228
 0.0284481985369898
 0.03929376540877765
 0.01849459380467616
 0.05200384601161732
 0.03141289544120335
 0.008367197858304672
 0.03420058479032216
 0.01082266141020746
 0.02718105958199452
 0.02867141433553613
 0.04346630879198297
 0.007286288492778126
 0.02866810073932279
 0.04381381060807117
 0.02772724292099632
 0.02893890115398318
 0.02611685279661346
 0.01534046935396675
 0.02870853531617272
 0.0254332459587834
 0.01808258831030488
 0.04601260696809127
 0.04286000466635546
 0.02939727878562848
 0.05613563930338657
 0.04161454072797052
 0.01506320019119475
 0.006657326790838537
 0.01035857133006277
 0.01583161394173028
 0.05221877057151038
 0.06174674080467822
 0.06542721146434338
 0.01569840756255469
 0.05050485125213173
 0.0418819770306979
 0.005830951894844506
 0.02274950548913136
 0.08005623023850154
 0.01685823241030917
 0.01711432148815752
 0.013285330255586
 0.02607163209313869
 0.04405008513045004
 0.02930255961515994
 0.0479563343052821
 0.04833725271465095
 0.04412029011690545
 0.05570493694458374
 0.04341255578746704
 0.04994436905197621
 0.05896185207403128
 0.06389945226682327
 0.04211187480984392
 0.05285234148076965
 0.02463513750722611
 0.02807133769523527
 0.01392156600386682
 0.0802312283341088
 0.04337211085478819
 0.07808693872857331
 0.01079120011861514
 0.02505693516773239
 0.0509118846636023
 0.04490211576306902
 0.0275748073429354
 0.06440225151343651
 0.04690266516947533
 0.0434513521078457
 0.05304045625746423
 0.01981539805302885
 0.03244749605131315
 0.07901525169231445
 0.04863620050949603
 0.02920359566902529
 0.01967256973554783
 0.03100967590930243
 0.04016590594023654
 0.04935686375773855
 0.03989837089405998
 0.07766208856321029
 0.0437193321083471
 0.02921951402744337


