# Created by Octave 4.0.0, Mon Jun 29 12:57:12 2020 EEST <li9i@spell>
# name: errors
# type: matrix
# rows: 100
# columns: 1
 0.04763355539952894
 0.04554291273074166
 0.05085868755679832
 0.0276390466550499
 0.04504999999999951
 0.03853854693680089
 0.03425888060050977
 0.07367083819259916
 0.01925598348566
 0.06656029221690646
 0.0565307960318971
 0.02679368582334192
 0.05951383116553757
 0.03864068969363877
 0.06041391313265628
 0.04772965954204957
 0.03319533702193772
 0.01806931099959276
 0.02649231020503835
 0.02554181669341529
 0.03961777883728482
 0.04465881883794143
 0.02968310799090953
 0.04931416023821146
 0.04953407816846854
 0.05425177324290984
 0.04190406185562506
 0.03144468317537919
 0.06032986739584314
 0.06146932649704278
 0.03592775528752036
 0.03732334926021526
 0.07074110615476704
 0.03724647634340782
 0.02043817261890128
 0.03570412301121528
 0.09305947345649468
 0.05944780567859586
 0.04727385006533696
 0.0331986806966791
 0.03085255256862975
 0.06295099363790928
 0.0274368802891296
 0.04450834640828707
 0.03093073067355563
 0.06260832532499201
 0.04452191482854352
 0.03377057298891987
 0.04939423954268358
 0.03288708561122412
 0.04672787283838146
 0.0314279191166067
 0.02671090601233908
 0.05807342335354503
 0.02349707215803805
 0.0264889429762677
 0.02417324140449536
 0.02490179913178935
 0.05579646583790011
 0.04701219097212956
 0.05224421594779587
 0.04644216187905065
 0.04165154979109479
 0.0212885438675354
 0.04618402429412098
 0.03280372082554084
 0.04558940776101467
 0.03566306773119864
 0.03216088462713675
 0.03458891296354883
 0.05635951028886008
 0.04864615503819347
 0.01689507620580651
 0.04723268042362284
 0.04016125122552933
 0.02191530059113948
 0.03109758833092903
 0.02687761336130867
 0.02167787812494577
 0.04463911849488051
 0.0353142973878848
 0.0283565671406108
 0.0106564956716547
 0.03916980469698576
 0.01270346803042433
 0.07342922851290258
 0.03389202856129977
 0.02733806869550272
 0.0696615388862472
 0.04516578461623329
 0.02081730049742278
 0.04412368978224853
 0.05648117916616079
 0.04563011724727491
 0.04504574230712585
 0.05093915586265751
 0.05376041387489518
 0.06217997748471878
 0.09180954471077604
 0.03556754138255785


