# Created by Octave 4.0.0, Mon Jun 29 12:52:00 2020 EEST <li9i@spell>
# name: errors
# type: matrix
# rows: 100
# columns: 1
 0.1505682569468073
 0.1287103942966531
 0.1177774239826994
 0.1282565105559953
 0.162812129769255
 0.1247418534414164
 0.1247512569074966
 0.1347861079636925
 0.1665607804976909
 0.1239827685607967
 0.1214094460904926
 0.1092576811945053
 0.1168323140231345
 0.1302627502396607
 0.1143038494539893
 0.1516978803411567
 0.11215415462657
 0.1279326733090522
 0.127089061685104
 0.119228834180328
 0.114466290234287
 0.1164171125737121
 0.1324657801094323
 0.1027495323590332
 0.1238442606663719
 0.1213972816829118
 0.1227427069116556
 0.1258216531444431
 0.1255324057763574
 0.1075710016686669
 0.1174136963901578
 0.1131221644948502
 0.1245143465629585
 0.1225596870916388
 0.1309699511338409
 0.1126797834573729
 0.1230778517849602
 0.1737117451411961
 0.1209248283025463
 0.1174671937180774
 0.1586251354609373
 0.1734557580479845
 0.165003023002611
 0.1211239551038518
 0.1178963629634103
 0.1208694506482122
 0.119872067221685
 0.1617947761826702
 0.1254182239548962
 0.1232129636036741
 0.1188045941872625
 0.118556283679949
 0.1341749067448928
 0.1644541969668146
 0.1126005079917521
 0.1136374713727827
 0.1263382859627297
 0.1188078717930767
 0.1212200065995701
 0.122857478811833
 0.1133344647492573
 0.1043858347669835
 0.1102482090557497
 0.1132383768869914
 0.134048803053217
 0.1175091247520803
 0.1260506965470661
 0.1232592617209782
 0.122529031661889
 0.1340940341700569
 0.1130088155853358
 0.1183313910169225
 0.1259108180419786
 0.1576876155568345
 0.1168051475749276
 0.1093823244404709
 0.1289977147084405
 0.1106460523471123
 0.1108136345401617
 0.170211964620589
 0.1277594775349384
 0.1015436994598903
 0.124894310919274
 0.1206622248261658
 0.1120874658469909
 0.1301401229444652
 0.1250385336606298
 0.1215886573657265
 0.1245040497333321
 0.1261120854636883
 0.1248928276563545
 0.1240234175468503
 0.1324522313892826
 0.1201686269373175
 0.1268121449231123
 0.1161864987853578
 0.143627746623
 0.1225268954148441
 0.1050969842573998
 0.1185112353323539


