# Created by Octave 4.0.0, Mon Jun 29 12:07:36 2020 EEST <li9i@spell>
# name: errors
# type: matrix
# rows: 100
# columns: 1
 0.180846039492161
 0.1824059757793041
 0.2475548020136182
 0.1545945018427255
 0.1812918365509046
 0.2392596915487422
 0.22486907301806
 0.2150891210638029
 0.2158416085929675
 0.2151440912504921
 0.1803327202700628
 0.1547336421079797
 0.2153685678087639
 0.1426244368963477
 0.2153685678087639
 0.2476682660334194
 0.1813774517408405
 0.2475548020136182
 0.1803845891422028
 0.2156167896987616
 0.1547336421079797
 0.1817200594320854
 0.1808639820417519
 0.1808977611801785
 0.2152013475794199
 0.2388121646817813
 0.1221711913668701
 0.2152013475794199
 0.2391701695446171
 0.2152013475794199
 0.2152276236917586
 0.1939454820303899
 0.1803327202700628
 0.1814291321701164
 0.2153685678087639
 0.2381859987488747
 0.2476636832480725
 0.1819945603582712
 0.1890778940013887
 0.1890778940013887
 0.1819429855751551
 0.2151990938642613
 0.2475548020136182
 0.1200135409026847
 0.1944453650771874
 0.2404233765672569
 0.1745442637269974
 0.2156167896987616
 0.1813774517408405
 0.2392596915487422
 0.2392596915487422
 0.2155358438868128
 0.1690266251216074
 0.1723118684246651
 0.1547336421079797
 0.2152849507048728
 0.1203411816461838
 0.2152013475794199
 0.1545945018427255
 0.1748410992873247
 0.1545945018427255
 0.1169955982077964
 0.2266225937544605
 0.2476636832480725
 0.1545945018427255
 0.1813774517408405
 0.2249547732323103
 0.1803327202700628
 0.2475548020136182
 0.1803327202700628
 0.2380967240429802
 0.2158416085929675
 0.1488005376334358
 0.2388568190360053
 0.1174010647311208
 0.1808977611801785
 0.1716014277329919
 0.1818057479839388
 0.1812579653422146
 0.1743851484502042
 0.1543769736715934
 0.1814971349636172
 0.181514737693666
 0.1807266444108368
 0.2152013475794199
 0.1808977611801785
 0.2152013475794199
 0.2392596915487422
 0.2155906537862931
 0.1796992209220738
 0.1807266444108368
 0.1815664341226089
 0.1803845891422028
 0.181463081644724
 0.1813774517408405
 0.2152013475794199
 0.1693170103681234
 0.2392147570698798
 0.1164439779464773
 0.2392596915487422


