# Created by Octave 4.0.0, Mon Jun 29 12:51:57 2020 EEST <li9i@spell>
# name: errors
# type: matrix
# rows: 90
# columns: 1
 0.2158085494135943
 0.2116636010276681
 0.2193525016953294
 0.2141312681511045
 0.2131339954113391
 0.2187330107688385
 0.2121049740105131
 0.2191553102254185
 0.2125770448566835
 0.2117427212444379
 0.2143384473210535
 0.2186703912284441
 0.2120307760680051
 0.2177678810109507
 0.2159448309175298
 0.213964132508231
 0.2171716602137595
 0.2125786913121821
 0.2135751390026489
 0.2162378782729795
 0.2176762963668773
 0.2129946947696106
 0.2186250900514399
 0.2138501344399864
 0.2180029816309858
 0.2085905319040169
 0.2148865979999693
 0.2140614164206165
 0.2116309287415233
 0.2128915451585618
 0.2143591378971268
 0.2114697377877029
 0.2137328472649918
 0.2100729397138062
 0.2120439577068867
 0.2126259861823101
 0.2108469824303882
 0.2128470107847419
 0.2121819030926043
 0.2139720542500828
 0.210909127351093
 0.2140641492637196
 0.2159069475491712
 0.2104028992195703
 0.2139245193987833
 0.2126263624294966
 0.2151385832434536
 0.2145155006054351
 0.2084180894260383
 0.2282720526039074
 0.2132411076692309
 0.2105133962483161
 0.21324933763086
 0.210956796524788
 0.2135117092807785
 0.2096485153775254
 0.2129240474911182
 0.2090139947467646
 0.2207180327929723
 0.2154885843844172
 0.2140572820531925
 0.2127796277842402
 0.2109923695302749
 0.2130132624979007
 0.2151139233057701
 0.2131301245718198
 0.2123948210291401
 0.2165299286472888
 0.2121231010521967
 0.2197437143583415
 0.2116496397351078
 0.2132219735393128
 0.2108446110290723
 0.2175173786160555
 0.2116720340526816
 0.2121816438808991
 0.2155306938698077
 0.2182865318795447
 0.2203855258405152
 0.2148696581651308
 0.2184710964864697
 0.2135417523577083
 0.2180595331555123
 0.2194095713500216
 0.2189558174609654
 0.2160400888724116
 0.2098394862746295
 0.2062169003743404
 0.2157903612305234
 0.207425769855145


