# Created by Octave 4.0.0, Mon Jun 29 12:53:27 2020 EEST <li9i@spell>
# name: errors
# type: matrix
# rows: 97
# columns: 1
 0.1276457304417184
 0.1535605186888871
 0.1280043889872532
 0.1222122645236552
 0.1517903689303093
 0.1296722792272873
 0.1473284728082113
 0.1518149337186553
 0.1053629707250131
 0.1551695282586099
 0.1620277843457708
 0.1176468512115818
 0.1282247105670344
 0.1418858357976564
 0.1270662567324618
 0.1781501897276564
 0.1490675685721078
 0.1583688571026502
 0.1386551625436263
 0.1226948637881786
 0.1251989141326699
 0.1673690162485279
 0.1193371174446562
 0.1164874242139459
 0.1268673417393145
 0.1241284693372147
 0.1438070387707074
 0.1473967991511345
 0.1430200685218674
 0.1084731031177773
 0.114005712137594
 0.1560974054877245
 0.1179062017028787
 0.1150707734396529
 0.1357464065822738
 0.157790798527671
 0.1306113934540162
 0.120643412169913
 0.1344209898044199
 0.09835843888553733
 0.107193850569889
 0.1331397119570269
 0.1100582159586444
 0.144474026731449
 0.1316943525744368
 0.1546477287256411
 0.1459970424357972
 0.1099351172282998
 0.1461489380734582
 0.1190666435236994
 0.1698085993111063
 0.1360067998300071
 0.1319420785799584
 0.144531588242845
 0.1518387713991384
 0.1567816790954862
 0.09759002254328911
 0.1740352323525302
 0.128635592275233
 0.1402019814410626
 0.1346725287502981
 0.1224435233076847
 0.1458633072434585
 0.1417406254395684
 0.1466055783386158
 0.09337784587363236
 0.1135278120109766
 0.1333828189835556
 0.1464370953686233
 0.1295933675000386
 0.1138919843535959
 0.1737647044137527
 0.1249066995801262
 0.1339305674594113
 0.1520465024260662
 0.1316678381382478
 0.1346805420244498
 0.2192716570831696
 0.1257824586339445
 0.1223714362095991
 0.1461585854474498
 0.1818066580188945
 0.1231596833383388
 0.1136612405351971
 0.1569240784583416
 0.1261060284046722
 0.1455813298469264
 0.1517680611986587
 0.1403668340456523
 0.1057295606725005
 0.1214182807488227
 0.1574282252329605
 0.1126210797319931
 0.1346258849553085
 0.1373684825569539
 0.1754732746032829
 0.1629260212489075


