# Created by Octave 4.0.0, Mon Jun 29 12:51:54 2020 EEST <li9i@spell>
# name: errors
# type: matrix
# rows: 92
# columns: 1
 0.2132283752224346
 0.2129292135898687
 0.2131862096853351
 0.2137495029234001
 0.2139113133988019
 0.2136166660164902
 0.2133409009074433
 0.2141265513662428
 0.2145759772201906
 0.213103261354677
 0.2133826609638175
 0.2136166660164902
 0.2143193878304061
 0.2141872311787053
 0.2135978698395673
 0.2118871397702076
 0.2136513515052051
 0.2132341436074423
 0.2128645108983653
 0.2142814037661693
 0.2141188688555961
 0.2136513515052051
 0.2122418431883794
 0.2138859976716579
 0.2146838605950605
 0.2130463095197845
 0.2133569075516411
 0.2136322307143768
 0.2134248813985863
 0.2136960926175316
 0.2129260200163426
 0.2134146199303118
 0.2139161751714913
 0.2146176367403195
 0.214905397791681
 0.2143229805690468
 0.2131634349507431
 0.2139113133988019
 0.2141453945337144
 0.2127106015223504
 0.2137089843689325
 0.2130559785596253
 0.2142059756402705
 0.2132283752224346
 0.2143836980742705
 0.2137686600042218
 0.2131634349507431
 0.2133266274987707
 0.2125364204083628
 0.2132805898341422
 0.2131414553764699
 0.2132238260607844
 0.2141685317687923
 0.2132894981005846
 0.212416124623345
 0.2139489892474382
 0.2134014292360749
 0.2134808890744108
 0.2148748938335967
 0.2130505339115577
 0.2141265513662428
 0.2141804146041373
 0.2143705670095587
 0.2134934659421673
 0.2127745520498165
 0.2135708313417345
 0.2142814037661693
 0.2140330114725304
 0.2137148801557829
 0.2144446315485652
 0.214402425359416
 0.2147394002040604
 0.2129047204737367
 0.2140941848813273
 0.2146931065497904
 0.2148935783126137
 0.2141453945337144
 0.212835382396818
 0.2140144387652386
 0.2119445446337306
 0.2131674693756055
 0.2134391013849136
 0.2137337128297747
 0.2146225756997612
 0.2140572820531925
 0.2148328652697243
 0.2131301245718198
 0.2140278953781493
 0.2129069280225516
 0.2136322307143768
 0.2134580052375628
 0.2142295264430189


