# Created by Octave 4.0.0, Mon Jun 29 12:52:04 2020 EEST <li9i@spell>
# name: errors
# type: matrix
# rows: 100
# columns: 1
 0.09877509807638919
 0.10666400517513
 0.09671121961799491
 0.1125024444178891
 0.08496316849082371
 0.09987096675210722
 0.0864738688853459
 0.09160349338316977
 0.08855935862459896
 0.09582197034083759
 0.09903706376907712
 0.0967713283984498
 0.08698563099731155
 0.09611477513889459
 0.09602775640407468
 0.09922303160053149
 0.09703468452053925
 0.1046056403833002
 0.09824143728590605
 0.08293569798343751
 0.0972156880343928
 0.09931817557728596
 0.09625035064871243
 0.08923866874847716
 0.09435343131015624
 0.09543605188816505
 0.09877636356943005
 0.0949931050129441
 0.1000031999488031
 0.09590411878538044
 0.1039675430122338
 0.09571128460113995
 0.09356847759796129
 0.09703865209286643
 0.1092148341572714
 0.09072403209734461
 0.0861065618870028
 0.08819070245779886
 0.09507917753115107
 0.100600049701777
 0.08884705960244413
 0.09520929576464683
 0.1015000492610733
 0.09406912352095377
 0.1036625293922545
 0.105957821797168
 0.09404552089281269
 0.09745409175606846
 0.09990845810040473
 0.09398217916179948
 0.09643038940085252
 0.102428755728067
 0.1021980919587059
 0.09784365079043521
 0.0862853985330089
 0.09304412931507508
 0.1076037638746913
 0.1014049308465833
 0.1081337135217323
 0.09178420343392647
 0.09642473748992077
 0.09623149172698167
 0.09309935552945837
 0.09745650311805916
 0.09764491794251313
 0.09849390844108348
 0.09256808305242409
 0.1005017910288172
 0.1108651433048289
 0.1029157422360659
 0.1109304737211565
 0.08799386342240061
 0.09544432932343543
 0.09351320762331107
 0.1107076329798461
 0.100672339795994
 0.08642511209133613
 0.08750965661000068
 0.0951380575794986
 0.09703695172459045
 0.09431055084135771
 0.113139780802336
 0.08908900044337831
 0.09351534633417265
 0.09396392924947324
 0.09134555271057478
 0.08509529951765904
 0.09442764425739075
 0.1120325399158674
 0.1115430858457873
 0.09326762568008402
 0.1017015732425034
 0.1079351657246155
 0.09802173228422369
 0.09922665972409155
 0.09297763171860396
 0.09599505195581792
 0.1070854798747276
 0.1002049898957142
 0.09917645890028574


