# Created by Octave 4.0.0, Mon Jun 29 12:51:50 2020 EEST <li9i@spell>
# name: errors
# type: matrix
# rows: 100
# columns: 1
 0.2389146291042059
 0.2624454419493688
 0.2201230564934089
 0.2471398389576237
 0.2591938463775714
 0.2532951045717244
 0.2530895691252416
 0.2271024878771696
 0.2150335787731758
 0.229374301088854
 0.2563835018093025
 0.2429157261273951
 0.2485774929473717
 0.2180294475523883
 0.2310086578464125
 0.2322059861416144
 0.2463467880854144
 0.2508311982190423
 0.2196891667788828
 0.25279090173501
 0.2595510161798625
 0.241989193973615
 0.2366976341242119
 0.2178829961240654
 0.2267858240719635
 0.2189701806182738
 0.2539008664813905
 0.2183109937680632
 0.2237935209071091
 0.2519788284757289
 0.2547384933613279
 0.2227246057354244
 0.2545899055343714
 0.2352034013359507
 0.2181343622632622
 0.2193039899317848
 0.2610411844901123
 0.2530170745226488
 0.2335491597073296
 0.2190425757700991
 0.2183634813790996
 0.2600866970838763
 0.2421074348300775
 0.2575093202196755
 0.2049441143336387
 0.240099521032424
 0.2394645067645724
 0.2559564025376204
 0.2124777870743218
 0.2303423538995825
 0.2294125105568557
 0.2395196234131968
 0.244440463098892
 0.2210041176086996
 0.228732092195216
 0.2230505996405305
 0.2335401036224813
 0.2144872956610715
 0.2185719561151432
 0.258674505894957
 0.2243712102744029
 0.2235133329356442
 0.2396219731159913
 0.2332264993520262
 0.2224999999999997
 0.2733286117478378
 0.2363030469545397
 0.257652343284513
 0.2265048564600785
 0.2270932847972392
 0.2619395540959793
 0.2300560801196098
 0.2550527984555339
 0.2245272589241673
 0.252722317969744
 0.2527698162360365
 0.2471740479904794
 0.2676873549497625
 0.2218731168934191
 0.2566436439890913
 0.2278080771175597
 0.219553182623255
 0.2505485382116624
 0.2278658596630936
 0.2373990101074573
 0.2288853424752246
 0.2540371035892215
 0.2282667299454727
 0.2177496957517981
 0.2483707913584046
 0.2464496906064192
 0.2542071006089336
 0.2165697116403847
 0.2330538564366612
 0.2531452152421598
 0.2436053365589507
 0.2625805971506655
 0.2576434163723206
 0.2426093361764949
 0.2274491811372386


