# Created by Octave 4.0.0, Mon Jun 29 12:57:15 2020 EEST <li9i@spell>
# name: errors
# type: matrix
# rows: 100
# columns: 1
 0.0965129302218117
 0.04087850902369174
 0.04082544917082993
 0.040602375546266
 0.04123303772462049
 0.04079009315998187
 0.04048200834939006
 0.0466299270855096
 0.04122310153299976
 0.0405681254188552
 0.04071941674435028
 0.04051854513676431
 0.04050860896155331
 0.0466202230796891
 0.04082654528612519
 0.04081664488906571
 0.04687007787490797
 0.0405296101634345
 0.04051854513676431
 0.04718891819060848
 0.04084423582343175
 0.04696978283960858
 0.04074596544444625
 0.04687507866660109
 0.04701318219393273
 0.04695768414221502
 0.04713249940327688
 0.04722779266491252
 0.04697949339871551
 0.04089069576321745
 0.0464167695989272
 0.04672934516981757
 0.04597803171080637
 0.0469503620859296
 0.04073157006549161
 0.04679002564649755
 0.04057916953314933
 0.046884787511516
 0.04081664488906571
 0.04625430790747975
 0.04259984272271521
 0.04020260812435
 0.046884787511516
 0.04086857227748576
 0.04709148649172165
 0.04050320604594226
 0.04660322091872959
 0.04694065189151009
 0.04684848023148599
 0.04687268394278282
 0.04072935550680913
 0.04716684640719471
 0.04689689222112659
 0.04716684640719471
 0.04689689222112659
 0.04718864376097263
 0.04115894192031701
 0.03528585694014041
 0.04096570516908096
 0.04114900241804241
 0.04039480783467207
 0.04098558039115714
 0.04048200834939006
 0.046884787511516
 0.04718155783778198
 0.04692362411408597
 0.046739047914992
 0.04672934516981757
 0.0469503620859296
 0.04700862580420759
 0.04042238241370718
 0.02478632284143803
 0.03513162962346013
 0.04059916255294
 0.04080556947280702
 0.04086411628801048
 0.04048972338754691
 0.0469503620859296
 0.04115894192031701
 0.04686536994412906
 0.046770606153866
 0.04077904976823312
 0.04100881002906664
 0.02477634557395443
 0.04689449647879772
 0.04664204648168752
 0.04053058598145456
 0.04639738462456651
 0.0405913254279783
 0.04115894192031701
 0.04068849591715114
 0.04701318219393273
 0.04076911085613794
 0.04722779266491252
 0.04051314107792709
 0.04099887315524791
 0.04049083353056664
 0.04079453517323086
 0.04675849976207503
 0.04687507866660109


