# Created by Octave 4.0.0, Mon Jun 29 12:53:18 2020 EEST <li9i@spell>
# name: errors
# type: matrix
# rows: 100
# columns: 1
 0.1392116374445756
 0.1394004304154038
 0.1383273291869689
 0.1453513329832235
 0.1098328275152742
 0.1370986506133461
 0.1504798325357916
 0.1276752129428422
 0.1098328275152742
 0.1019910780411696
 0.1360172415541503
 0.1890444656687945
 0.1392116374445756
 0.1282306125696981
 0.1370466343986605
 0.06310641805712131
 0.1461350402880855
 0.1370986506133461
 0.1364657466179704
 0.1097481207128398
 0.1265146631817826
 0.146035612095134
 0.136723699481838
 0.2024046689184809
 0.1370986506133461
 0.1099327066891374
 0.1273923859577171
 0.1098328275152742
 0.06310641805712131
 0.1283302770198831
 0.1273923859577171
 0.1493171457000176
 0.1361955212185785
 0.1363674814609413
 0.1719381574869295
 0.136363814848369
 0.1366637113501619
 0.1381308437677848
 0.06311457834763794
 0.06310641805712131
 0.1095536398299943
 0.1365881400415138
 0.1381308437677848
 0.1452446556676012
 0.109638040843496
 0.1452446556676012
 0.1378970993168469
 0.1392116374445756
 0.1097379150521827
 0.1099376641556476
 0.09420132695456121
 0.1890444656687945
 0.146035612095134
 0.1894534507471428
 0.1269082345634061
 0.1381308437677848
 0.1360356570903375
 0.1378970993168469
 0.1452446556676012
 0.1096534997161516
 0.1353477373287048
 0.1096534997161516
 0.1270042912660845
 0.1384255756715499
 0.1019910780411696
 0.1462836286123654
 0.06300674567060238
 0.1392116374445756
 0.1320778936839923
 0.1248136210515497
 0.1276752129428422
 0.1503905582142711
 0.138032604843929
 0.1370003284667611
 0.1392116374445756
 0.1277742149261737
 0.1459469081549859
 0.1451861219263063
 0.1360356570903375
 0.1601631980200201
 0.1099478512750474
 0.1383273291869689
 0.1100325860824868
 0.1282063960962951
 0.06310641805712131
 0.1485530208376804
 0.1265146631817826
 0.1096534997161516
 0.1265146631817826
 0.1382290852172585
 0.1098328275152742
 0.1381308437677848
 0.1447110569376103
 0.1458582873888216
 0.1360172415541503
 0.1854907005755271
 0.1362138392381642
 0.1459469081549859
 0.1233529083564712
 0.1563022712566902


