# Created by Octave 4.0.0, Mon Jun 29 12:51:59 2020 EEST <li9i@spell>
# name: errors
# type: matrix
# rows: 94
# columns: 1
 0.1268489258921835
 0.1317259127886388
 0.1331353540574418
 0.1077498232017106
 0.1171120920315241
 0.1329957728651547
 0.2221621095056511
 0.1437092467449475
 0.129197777070661
 0.1314983304076524
 0.1289384384115159
 0.1320479019144183
 0.1219233546126432
 0.1305218587057382
 0.1256542752953533
 0.134340764103829
 0.1323420205376984
 0.1057214339668164
 0.1270839108620772
 0.1332344208528715
 0.1336396782396598
 0.165621767892993
 0.1329941160352601
 0.1259074139993353
 0.215378533052857
 0.1220837892596731
 0.1620255501456501
 0.172564541259207
 0.1327548827727264
 0.1254766288995682
 0.1804040745105299
 0.1218098780887669
 0.1235853231577302
 0.09037049518509908
 0.1294121976476739
 0.1127553102962347
 0.1748833908637416
 0.1333317760325724
 0.1343738203669164
 0.1350744180072611
 0.1350378617277397
 0.1017618597510874
 0.1573633375345117
 0.1253532803719167
 0.1300090954510495
 0.08966579950014456
 0.1274978290011248
 0.1297499321772476
 0.1552459223297034
 0.1069974597829309
 0.2258384433616202
 0.1609900133548666
 0.1684325945296832
 0.09859392526925821
 0.1311518722702821
 0.1333587226243584
 0.1185508768419728
 0.1337760576485968
 0.1229667064696786
 0.1203778887503869
 0.134059361478413
 0.1352278007659686
 0.1624012010423596
 0.1290997865993614
 0.1234051052428543
 0.1653469382843266
 0.1277822761575321
 0.1357619331771636
 0.1319911572795719
 0.1012382615417705
 0.1191684958367774
 0.1166608010430252
 0.1021958003051022
 0.1817762803558273
 0.1292604444522787
 0.1293992642946651
 0.1256341613574912
 0.1212668363568557
 0.1344349006024859
 0.1314543647050193
 0.1338455710884772
 0.1652496596063074
 0.130996450715279
 0.1327646413771374
 0.1210162451904703
 0.1287735205700299
 0.1186012331301856
 0.180425569418529
 0.1254611987827315
 0.1317512869007356
 0.1341889205560594
 0.1251241019947793
 0.1289521089397137
 0.1826988221089567


