# Created by Octave 4.0.0, Mon Jun 29 12:57:08 2020 EEST <li9i@spell>
# name: errors
# type: matrix
# rows: 100
# columns: 1
 0.006652818951391513
 0.006723094525588829
 0.006539113089708644
 0.008102468759582182
 0.007023531875062233
 0.007300684899377293
 0.006293647591022987
 0.00595063021872439
 0.006103277807866889
 0.006578753681360927
 0.006801470429253304
 0.005879625838435805
 0.006700746227100035
 0.005565968020030252
 0.005456189146282291
 0.006580273550544784
 0.006041522986797525
 0.006332456079595443
 0.00720069441095856
 0.006801470429253304
 0.006926037828369288
 0.006306346010170974
 0.006646803743154385
 0.006489992295834342
 0.005063595560469623
 0.006063827174318728
 0.007392563831311545
 0.007283543093852667
 0.006053924347067185
 0.007151223671512625
 0.0076367532368145
 0.008005623023850598
 0.007029224708315983
 0.005186520991956801
 0.007733692520393624
 0.007860025445252302
 0.006365532185134825
 0.006083584469702999
 0.006489992295834342
 0.007142128534267309
 0.006929646455628344
 0.006637017402418424
 0.006519202405203259
 0.007488658090739912
 0.009484724561103983
 0.007560423268574462
 0.006306346010172214
 0.008381527307120811
 0.006753517601961365
 0.006107372593840948
 0.007300000000000702
 0.007641989269818184
 0.006794115100585744
 0.006952697318307652
 0.006931089380465581
 0.008200609733428421
 0.006226556030423049
 0.007582216034906986
 0.005805170109480757
 0.008683317338436979
 0.009200543462209066
 0.007905694150421735
 0.005316013544001347
 0.00914385039247698
 0.007158910531639035
 0.006212889826803443
 0.006700746227100035
 0.007738862965578554
 0.006007495318350517
 0.008852683209060967
 0.006940461079784791
 0.008840814442119786
 0.007043436661176363
 0.005770615218501437
 0.00774209274033808
 0.00690651865993345
 0.007907591289387519
 0.007340980860893834
 0.007080254232723776
 0.008044874144447968
 0.009526804291050808
 0.005921148537235345
 0.004159326868616914
 0.008949860334106297
 0.00566038867923508
 0.007072481884034587
 0.007860025445252302
 0.006592419889540499
 0.006700746227100035
 0.004753945729601567
 0.007507329751649444
 0.007494664769021501
 0.00636317530797424
 0.005688585061332201
 0.007211102550927924
 0.005246903848938294
 0.00827345151674877
 0.005780138406648221
 0.006670832032062852
 0.005990826320300393


