# Created by Octave 4.0.0, Mon Jun 29 12:07:16 2020 EEST <li9i@spell>
# name: errors
# type: matrix
# rows: 100
# columns: 1
 0.08362260459948181
 0.07479097539142307
 0.08869549030249259
 0.07333082571470589
 0.07990851018508784
 0.07774895497689706
 0.07546403116717371
 0.1006590780804172
 0.07857588688650137
 0.06967589253106186
 0.0748712227761774
 0.08305450017909798
 0.08372484696910876
 0.09145676574206668
 0.08021726746779925
 0.07695869021755124
 0.08868128325638884
 0.08408810855287066
 0.08698884986020329
 0.07463618425401772
 0.09988873810395499
 0.07277616368014972
 0.08950642435043449
 0.09990320315185298
 0.09442594982313099
 0.09378528669252756
 0.07275197591818845
 0.07975625367330702
 0.07564846330231086
 0.08533065099950712
 0.07283529364257528
 0.0735356376187818
 0.0897468662405589
 0.07009086959083988
 0.07792124228989764
 0.1002117757551494
 0.07355412972770464
 0.08331632493095338
 0.0807493034025687
 0.07521336317436664
 0.0782858863397452
 0.07331609645909899
 0.07520246006614249
 0.1050261872106237
 0.06952877102322681
 0.07840918313565548
 0.09659917183909746
 0.0877943620057678
 0.07493230278057612
 0.06540833280248595
 0.0664006777073808
 0.07561038288488933
 0.07298280619433999
 0.08913007348813028
 0.09674921188309776
 0.09621746203262847
 0.07475841089803979
 0.08049204929681567
 0.08520152580793387
 0.07795601323823671
 0.08751988345513362
 0.06504060270323234
 0.0984619723548133
 0.0904262130137039
 0.07467181529867656
 0.0814886495163579
 0.07434628437252122
 0.08163528648814249
 0.07459597844388896
 0.06892459648050703
 0.1011027694971841
 0.06926391556937191
 0.0713309189622572
 0.07643984563040926
 0.07018147903827332
 0.1048887029188544
 0.07007838468458831
 0.084090724815524
 0.08010099874533717
 0.07509946737494197
 0.07152181485392911
 0.09828046601436304
 0.0722214649532992
 0.07946445746370009
 0.1045145922826086
 0.06675627311346874
 0.06925258117932849
 0.07313617435988498
 0.06923878970634567
 0.06595907822279125
 0.08154140052758352
 0.0806474426128944
 0.0883323270382925
 0.07421704655939837
 0.07462499581239605
 0.09486163608119307
 0.0840567665330946
 0.08148404751851671
 0.07115511225484626
 0.06075862078750809


