# Created by Octave 4.0.0, Mon Jun 29 12:52:16 2020 EEST <li9i@spell>
# name: errors
# type: matrix
# rows: 40
# columns: 1
 0.1532189609676298
 0.1487440755122722
 0.1297653651788507
 0.1340304443027797
 0.1819607100447791
 0.1404023147957326
 0.1299089681276875
 0.1520313783401311
 0.148740108914846
 0.1522437847664062
 0.1634909783443726
 0.1454594445197725
 0.1640034755729287
 0.1413863501190998
 0.1255657596640107
 0.1461049622702802
 0.1374805440780643
 0.1576521804479742
 0.1827357107956734
 0.1583376139772249
 0.1206314221088377
 0.1546987394906651
 0.1251319303775045
 0.1407511989291743
 0.1318220770584377
 0.1358558795194396
 0.1348800948991367
 0.1347279109910045
 0.1436356501708417
 0.1447381083198231
 0.1301410388770606
 0.1451223621637995
 0.154338329652747
 0.1410618304148942
 0.1453490282045266
 0.1557664919037483
 0.1646249677296872
 0.1369346194357022
 0.1680453807755523
 0.1323516528041877


