# Created by Octave 4.0.0, Mon Jun 29 12:52:25 2020 EEST <li9i@spell>
# name: errors
# type: matrix
# rows: 100
# columns: 1
 0.2391788034086639
 0.2385909679765783
 0.2381717447557537
 0.2385993294206826
 0.2399728317955994
 0.2389794970285112
 0.238731857949456
 0.2385162468260792
 0.2396454047128802
 0.2386734379858817
 0.2389820495351049
 0.2384829134340638
 0.2388306931698702
 0.2392526906849741
 0.2390238691009735
 0.2384590740567437
 0.2389476930208765
 0.2392281755981102
 0.2388494086239266
 0.2399230293239886
 0.2390648865893938
 0.239095671228068
 0.2397740603151217
 0.2389794970285112
 0.2391788034086639
 0.2392114127712135
 0.2392776211851
 0.2390311276800561
 0.2392857078891261
 0.2382678324910843
 0.2396257916001519
 0.2388387950061722
 0.2379064101700502
 0.2399146723316427
 0.2382974821520364
 0.2395758335058015
 0.2394708541764536
 0.2380954640475118
 0.2397580864121152
 0.2388144049256668
 0.2381523881887384
 0.2389298223328353
 0.239087787224693
 0.2387659104646206
 0.2389644743471294
 0.2387477748587417
 0.2390878708759614
 0.2390541570439645
 0.2391616189943528
 0.2388306931698702
 0.2400470995450671
 0.2380045797878689
 0.239095671228068
 0.2391866426036377
 0.239145144211628
 0.2385678100666565
 0.2397081558896137
 0.2384024328734915
 0.2386825506818613
 0.2396170486422021
 0.2387320673893646
 0.2390311276800561
 0.2387734700505883
 0.2392700775274665
 0.2402322417994727
 0.2381371873521645
 0.2392443102771723
 0.2389794970285112
 0.2391203253594308
 0.2394677640101063
 0.2381647538994808
 0.2393437695031976
 0.2387892166744562
 0.238334303028329
 0.2390311276800561
 0.2391219981515727
 0.2388471059066873
 0.2389381719190139
 0.2397582949555656
 0.2396758227272818
 0.2390238691009735
 0.2388643966772761
 0.2391789288378053
 0.2382030226508453
 0.2389612730130122
 0.2387585600559686
 0.2386982195157705
 0.2396085140390455
 0.2392612797758966
 0.2385823547540778
 0.239145144211628
 0.2397169372405699
 0.2400141037522574
 0.2388985140179802
 0.2382849134964271
 0.2393686069642385
 0.2385993294206826
 0.2389966526962253
 0.2383837662258051
 0.2392546133306536


