# Created by Octave 4.0.0, Mon Jun 29 12:07:11 2020 EEST <li9i@spell>
# name: errors
# type: matrix
# rows: 99
# columns: 1
 0.07610519036176637
 0.07534991705371213
 0.07806490888998215
 0.07581035549317676
 0.07602848150529057
 0.07755591531276679
 0.07418733045474274
 0.08042698552104528
 0.07593977877241032
 0.07615773105864357
 0.07913918119364535
 0.07654240654696674
 0.07591587449276596
 0.07583963343793934
 0.07511923854780335
 0.0740354644748155
 0.07598223476578056
 0.07497546265280236
 0.09554103830292092
 0.09432804461028926
 0.07656644173526982
 0.07689453816754939
 0.07596927010311647
 0.07903954706348455
 0.07744707870541152
 0.07731131870561919
 0.07574127012402652
 0.08661096928219655
 0.07647967050139012
 0.07653032078856653
 0.07841020341767581
 0.07541889683627938
 0.07572218961440837
 0.07575942185629675
 0.07757177321682487
 0.07752580215644687
 0.09627502272137915
 0.07674535816582585
 0.07674535816582585
 0.07779697937581659
 0.07423698539139191
 0.07669419795526926
 0.07488444431256135
 0.07727056360607329
 0.07679179643687153
 0.07645717755712234
 0.07616679066365763
 0.07468400096407936
 0.07625876998746751
 0.0947475065635006
 0.07574463677384247
 0.07455957349664927
 0.07670860447174339
 0.07622138807448528
 0.07551688552900448
 0.07739160161155223
 0.07731131870561919
 0.07444044599545252
 0.07692593840832763
 0.08162266842000455
 0.0753405601253411
 0.07447227672094117
 0.07760315715227391
 0.07570851999611042
 0.08057059016788178
 0.0752995351911445
 0.07534135650491676
 0.07740930176665409
 0.07501766458642443
 0.0772124989881862
 0.07466632440398961
 0.07743125983736661
 0.07496032283815128
 0.07946049332845476
 0.0785397988283731
 0.09500636820760895
 0.07876293544555912
 0.07504571939825173
 0.076931463004432
 0.07622132247606968
 0.07902467968933076
 0.07918036372738964
 0.09521533489937309
 0.07724467619196661
 0.1028960640646754
 0.07597710181364799
 0.0748772328548558
 0.07475426409243714
 0.07632627332708727
 0.07852547357388319
 0.07714311375619318
 0.07572218961440837
 0.07776181582243594
 0.07668539626291854
 0.07641256441188578
 0.07590230563033931
 0.07678502458162721
 0.07743209928706653
 0.07523509819227321


