# Created by Octave 4.0.0, Mon Jun 29 12:51:37 2020 EEST <li9i@spell>
# name: errors
# type: matrix
# rows: 100
# columns: 1
 0.07826442359079815
 0.008825531145489427
 0.06992460225128136
 0.07321154280576248
 0.1028111375289661
 0.02808166661720692
 0.00718679344353182
 0.02988394217635898
 0.04965561398271002
 0.05896617674565695
 0.0182002747232008
 0.02637517772451902
 0.02988394217635898
 0.06723629971971899
 0.07951414968419089
 0.04972574785762365
 0.00866833317310659
 0.05212839916974169
 0.06839137372505459
 0.04680683710741338
 0.01132077735846865
 0.04938754903819246
 0.01698587648606837
 0.07255239486054199
 0.008586617494683072
 0.05012783657809253
 0.07576225973398647
 0.021136697944571
 0.07776380906308412
 0.04364057744805799
 0.04978353141350968
 0.02722223356008702
 0.05662949761387635
 0.05025385557347843
 0.07925181385936848
 0.05121728223949364
 0.04423674942850142
 0.03980150750913861
 0.04250047058562863
 0.04491603277227427
 0.05167600990788702
 0.06051619617920413
 0.07937487007863264
 0.01420563268566126
 0.03939543120718394
 0.02286328935214716
 0.04924916242942526
 0.0484594675992207
 0.1040194693314665
 0.04886972477925258
 0.03521150380202433
 0.04574800542100195
 0.07290850430505363
 0.03621077187799238
 0.008077747210701007
 0.04479129379689721
 0.03943830625166245
 0.03130575027051548
 0.03942397747564338
 0.04785279511167508
 0.059576253658651
 0.08110006165225793
 0.03157530680769276
 0.07687606909825612
 0.04450101122446476
 0.01220655561573279
 0.009693812459500989
 0.02186343980255642
 0.04832028559518184
 0.09672419552521554
 0.0128809937504823
 0.05037628410274025
 0.04197546902656274
 0.07538076677773908
 0.04461591644245359
 0.01100727032465281
 0.04767903103042252
 0.05328883560371687
 0.04864668539582069
 0.06139348499637344
 0.03052769234645815
 0.04871878487811311
 0.04114328620808035
 0.04525273472399111
 0.02659398428216267
 0.04370011441632658
 0.0521075810223418
 0.01880877454806694
 0.04913857954804884
 0.06423309116024238
 0.01976916791369884
 0.08237141494474817
 0.0369388684179681
 0.0519008670447805
 0.02399437434066637
 0.04446301834108743
 0.04281973843918221
 0.04610694090915074
 0.02835947813342048
 0.05656969153177301


