# Created by Octave 4.0.0, Thu Feb 20 10:16:33 2020 EET <li9i@spell>
# name: errors
# type: matrix
# rows: 96
# columns: 1
 0.0147545602782228
 0.02177606208924104
 0.02622951196584558
 0.01612454231897703
 0.02269850085673939
 0.004657714606511833
 0.04247019364377488
 0.05774835100114008
 0.005900196341362131
 0.0115036403616221
 0.01986181533279843
 0.007200179289067073
 0.008640181743603811
 0.04810260823946599
 0.0224446243318772
 0.02168722089815395
 0.04520285075845534
 0.02297205643136684
 0.02814277816620497
 0.03636458105664891
 0.005897879488511538
 0.01139470174546174
 0.03845829117412221
 0.0233478547538311
 0.05282060381244379
 0.1543409930452091
 0.03020311880419677
 0.0233275750299152
 0.007715731665110638
 0.0091563871848228
 0.06873677931914049
 0.01151682893002851
 0.0163097332007361
 0.02237911109099734
 0.003525214713193229
 0.01574160701811179
 0.004043427927683261
 0.03933824464549925
 0.01622464500353147
 0.01195839980873668
 0.03232872872341784
 0.01412941857236548
 0.1044358723953409
 0.04123975727408302
 0.009597093039514826
 0.0185051682567375
 0.02129416670775321
 0.05904020031158969
 0.01887623577849061
 0.01984500260722872
 0.02034196300988894
 0.03028272430934259
 0.01721552085115533
 0.0137790614602876
 0.007505917936417267
 0.0211337372840721
 0.007474285802157269
 0.01263826855080378
 0.005740558900542895
 0.01142621471708903
 0.003860331889743562
 0.01289340594375725
 0.01027899338816806
 0.001790785184109528
 0.01047993728309508
 0.01520766522077615
 0.001323803761862433
 0.05207703889822816
 0.009252836538597277
 0.06445376682963978
 0.01871540719218388
 0.0119928521345253
 0.01804349739583028
 0.01675088136790565
 0.04701595218129519
 0.01499228822821821
 0.02304183000531856
 0.005207939101151176
 0.006047836302203821
 0.01828240832115665
 0.001205180318252966
 0.01737396765024571
 0.01586573159336502
 0.03372790052557966
 0.01532567616519215
 0.01282450781588939
 0.005789260674318452
 0.01726924752554518
 0.007221348222522531
 0.01354824812031397
 0.001178460893624178
 0.1386256753514299
 0.01172489217272082
 0.04660948642299136
 0.04380168112986724
 0.01681549134217486


