# Created by Octave 4.0.0, Mon Jun 29 12:51:49 2020 EEST <li9i@spell>
# name: errors
# type: matrix
# rows: 97
# columns: 1
 0.2363244591657839
 0.2544729651652618
 0.2588754526794695
 0.2465598710252747
 0.2446840002942568
 0.2069098596007464
 0.2665024765363337
 0.2370961408374238
 0.2249565735869934
 0.2556204999603894
 0.2273478612171229
 0.2217176582954087
 0.2566331428323322
 0.2491499347782372
 0.2324098319779105
 0.2569917119286148
 0.2373225863671658
 0.2470264965545186
 0.2503989816273207
 0.221091677817143
 0.2345331533067353
 0.2587763513151861
 0.2373225863671658
 0.2335755338215041
 0.2281074308302988
 0.2112606920371123
 0.2303728499628369
 0.2688608562063291
 0.2273478612171229
 0.2149400148878764
 0.2497714955714514
 0.2245536461516507
 0.2296234526349594
 0.2457137562286654
 0.244710481998627
 0.2327166947169889
 0.271333540130961
 0.2686501442396799
 0.2598042532369312
 0.2531514368910427
 0.2587763513151861
 0.2549063553542739
 0.2463456311770101
 0.2538331144669663
 0.2503831663670699
 0.2281074308302988
 0.2217176582954087
 0.2373225863671658
 0.2324098319779105
 0.2208578954893836
 0.2588754526794695
 0.2547871660818093
 0.2316352520666909
 0.2654732566568631
 0.2209861986640786
 0.2434815188058414
 0.2437408870091365
 0.2281074308302988
 0.2267074105537808
 0.1908872180110562
 0.2092599579470483
 0.2456356855182083
 0.2319537238330081
 0.2549312456330136
 0.2424586150253278
 0.2244831619520727
 0.2506231633349148
 0.2207899001313247
 0.2401674624090445
 0.2224671885919348
 0.2424586150253278
 0.2308684473894181
 0.2149400148878764
 0.2609741749675615
 0.2505476401804669
 0.2238648922899704
 0.2538331144669663
 0.2599107923884664
 0.2404199866899605
 0.2423129381605515
 0.2737778113726531
 0.2411419498967357
 0.2092599579470483
 0.2327083367651432
 0.2176901467682894
 0.25018748969523
 0.2401674624090445
 0.2420387572270191
 0.2409582951466906
 0.2505476401804669
 0.2549312456330136
 0.2380916840210916
 0.2598042532369312
 0.2456356855182083
 0.255623864300657
 0.2248196165818289
 0.2593266087388647


