# Created by Octave 4.0.0, Mon Jun 29 12:51:56 2020 EEST <li9i@spell>
# name: errors
# type: matrix
# rows: 100
# columns: 1
 0.2226752119118778
 0.2257280000354407
 0.2314381126780994
 0.1886919447141301
 0.2315615253015938
 0.266765889873499
 0.2168292415704118
 0.2186068617404318
 0.2276411430299906
 0.1970568699639777
 0.2110426023342219
 0.2336400008560172
 0.2350643316200913
 0.2635838576240956
 0.2254901549957327
 0.2171722127713421
 0.2501811343806731
 0.2342706127537131
 0.2364924523108505
 0.2294151041235084
 0.2327485553123797
 0.2445347623549663
 0.1929228861488453
 0.2191832566598093
 0.2272391031490848
 0.2240336805036257
 0.2048380091682208
 0.253892142454231
 0.2150976754872084
 0.198134726890569
 0.2360955103342716
 0.2343868810321949
 0.2222038028477455
 0.2342662160875963
 0.240348788222449
 0.2550021960689766
 0.2353500584236179
 0.2220825972470593
 0.2260960194253769
 0.2207329834891019
 0.2500432962508691
 0.2332605838970679
 0.2108238364132477
 0.2179431577269654
 0.2308440599192454
 0.2452384349974554
 0.2320581392668655
 0.2309532420209787
 0.2108453461663323
 0.230042648219846
 0.2178475154781445
 0.2444606307772298
 0.2024234423183242
 0.1913160996884471
 0.2273301783749782
 0.2359815670767514
 0.217333752555834
 0.1877505792268039
 0.2304441363975234
 0.2072932463926423
 0.2144943122789047
 0.2415407626054048
 0.2299360780738874
 0.2168848772966892
 0.2076998796340537
 0.240591936689491
 0.2386187335478925
 0.2371755889631142
 0.2296036802840921
 0.2483787833129066
 0.2250987561049608
 0.2333334952380383
 0.2496096953245223
 0.2531782968581638
 0.2601364641875509
 0.2466920549997521
 0.2359011657453181
 0.2416876703516362
 0.2358809869404477
 0.2248755211222434
 0.2179868115276691
 0.2103639227624348
 0.2360556925812217
 0.2155945268321993
 0.1933215456176582
 0.2489858028081124
 0.2036837745133392
 0.1875849940693555
 0.2038482033278684
 0.2330054076625709
 0.232395116127684
 0.2290317881867076
 0.2164415163502614
 0.2354988747319199
 0.2461463995267848
 0.2359152390160523
 0.2093361889401829
 0.1917390935620595
 0.2226737972910153
 0.200511670483293


