# Created by Octave 4.0.0, Mon Jun 29 12:57:11 2020 EEST <li9i@spell>
# name: errors
# type: matrix
# rows: 100
# columns: 1
 0.02136937060373962
 0.006382005954243947
 0.02672803023045334
 0.01241219158730703
 0.01294914669003357
 0.03198552172468112
 0.02489441905327343
 0.04711708395051654
 0.01696407969799815
 0.03236108774438885
 0.01967196990644243
 0.02184814866298844
 0.03467562400303643
 0.03910437827149356
 0.03559676951634766
 0.02873228845741242
 0.03614188843987081
 0.05495606335974192
 0.02350014680805225
 0.02703018497901895
 0.01768461478234696
 0.0220043995600886
 0.03618973473238045
 0.01804661741158212
 0.09300582562399065
 0.03875737865232987
 0.03569173013458389
 0.03798022643429075
 0.0147083003776778
 0.02689104683719068
 0.04606778592465719
 0.04550833330281435
 0.02890782593001473
 0.03401894178248413
 0.03105099193262615
 0.03243657811792068
 0.04287192671201048
 0.06193804081499503
 0.0715310422124545
 0.02487113990150057
 0.01224295715911844
 0.02411970978266573
 0.03927202694030453
 0.01451654228802448
 0.005162363799655378
 0.03874393500923719
 0.03253976183072008
 0.03783543841426937
 0.02041238839528601
 0.03784694043116292
 0.01703931043205668
 0.01711273210215168
 0.03251744762431278
 0.03165355588239671
 0.02543064293327997
 0.04886686914464697
 0.02610446130453627
 0.04297341503767181
 0.03573208082382097
 0.08434679899083258
 0.02225439507153593
 0.03560512463115435
 0.0729589672350156
 0.02260548827165678
 0.03846120642933628
 0.02462803483837095
 0.02526240091519496
 0.02064007025181772
 0.04715701856563889
 0.07440228491115006
 0.03496816409250061
 0.03404374244997212
 0.02279499067777929
 0.0211614838799178
 0.0207274431611818
 0.03856008298746293
 0.0220445208612032
 0.02337412244341984
 0.02685930192689387
 0.03800515886034411
 0.03736323861765769
 0.03344412653964771
 0.01010198000393944
 0.09545582433775279
 0.03256419659687659
 0.0355587907555933
 0.021970744184028
 0.02405740842235521
 0.02195609482581094
 0.03274901677913444
 0.02771663038682693
 0.08763801058901409
 0.01830808837645355
 0.007012481729031751
 0.03785870573593369
 0.02672943134449384
 0.06650010827058823
 0.0192662424982145
 0.0487776219182529
 0.01390406055798049


