# Created by Octave 4.0.0, Mon Jun 29 12:51:53 2020 EEST <li9i@spell>
# name: errors
# type: matrix
# rows: 100
# columns: 1
 0.1994968170172141
 0.2210073754425417
 0.2130510971574665
 0.2373104506759025
 0.2231757155247866
 0.2193168712160563
 0.2331245589808165
 0.1958363857918148
 0.1869077312472654
 0.2269197655560227
 0.1994974937185931
 0.2498659840794659
 0.2062765619259728
 0.204994877984792
 0.228430821037792
 0.2153346233191512
 0.2428914160689933
 0.2013945629852018
 0.2433706021687922
 0.2242628814583474
 0.1934853224407485
 0.2110604178902351
 0.2045966030998561
 0.2241040160282732
 0.2266829503954803
 0.1852094220065507
 0.2289155521147498
 0.166106140765476
 0.2347890329636393
 0.2154192656193966
 0.2152908730067312
 0.2292398307450099
 0.2220271379809247
 0.2013397625905045
 0.2120441699269298
 0.2303069690652019
 0.2110953575993552
 0.2223725027965477
 0.2352619391231814
 0.1908485525226734
 0.2292612701700848
 0.217961120386184
 0.206072317403382
 0.2178590369941072
 0.242141157179033
 0.2008166576756014
 0.2261703782549782
 0.2519106587661595
 0.2223955260341356
 0.2370216234861288
 0.2519889680124898
 0.196350732109663
 0.1945367060479842
 0.223092805800637
 0.2120449480652623
 0.2285446345902711
 0.2012823141758857
 0.1922315530811738
 0.2230660888615763
 0.2071596968524531
 0.2209847506051056
 0.238467712699224
 0.2264850105415374
 0.1912491830047924
 0.2347103108088798
 0.2081882081194829
 0.215096838656452
 0.2388325773423721
 0.2274362548056039
 0.2005179792437597
 0.1850496149685271
 0.2593319301590148
 0.2420319193825489
 0.2271080139493091
 0.2250655460082701
 0.1833321030261747
 0.1877541211265409
 0.2185032951696608
 0.2042730036005754
 0.2366855508897834
 0.2271104136758175
 0.2302078408742833
 0.2235705034211821
 0.1936370315822883
 0.187243397747426
 0.2312159164071558
 0.2184858118963336
 0.1776295302026115
 0.2390461252561962
 0.1868535790398481
 0.2183709000759947
 0.2304393412592578
 0.243939746658882
 0.2071001931433193
 0.2013118228023394
 0.2181782986458558
 0.2003958582406339
 0.2088621554997456
 0.2370789952737294
 0.2235872089364699


