# Created by Octave 4.0.0, Mon Jun 29 12:53:29 2020 EEST <li9i@spell>
# name: errors
# type: matrix
# rows: 100
# columns: 1
 0.07895028119012658
 0.07877673260550948
 0.07867629185466246
 0.07897273010349708
 0.07871281280706424
 0.07890460316103201
 0.07876760057282432
 0.07877673260550948
 0.07899099252446326
 0.07874020574014287
 0.07884979644869107
 0.07868122012271923
 0.07877673260550948
 0.07886806451283075
 0.07867629185466246
 0.07911395831330852
 0.07894533805108253
 0.07898682738279823
 0.07894114516524309
 0.07890460316103201
 0.07897769052080479
 0.07891794789526484
 0.07893620778831317
 0.07891373834764145
 0.07877189917730633
 0.07882239592907622
 0.07884979644869107
 0.07889546818417391
 0.07897769052080479
 0.07888225402458876
 0.07890881826513302
 0.07884066273186661
 0.07903766760222525
 0.07871281280706424
 0.07884066273186661
 0.07873107455128475
 0.07900510173400185
 0.07877189917730633
 0.0788863334171392
 0.06902035931520345
 0.07867629185466246
 0.07875846875098606
 0.07881326284325486
 0.07871281280706424
 0.07866294934719763
 0.07911395831330852
 0.07896855386797928
 0.07891373834764145
 0.07875846875098606
 0.07873107455128475
 0.07881326284325486
 0.07877673260550948
 0.07895941742439594
 0.0788863334171392
 0.07879499730312806
 0.07877673260550948
 0.07884979644869107
 0.07879499730312806
 0.07893200934981977
 0.07875846875098606
 0.07894533805108253
 0.07901423922306698
 0.07868542177557399
 0.07885893037570292
 0.07871281280706424
 0.07894533805108253
 0.07894533805108253
 0.07870368225184887
 0.07884066273186661
 0.0788863334171392
 0.07889968884602598
 0.07880000063451605
 0.07866294934719763
 0.07894533805108253
 0.07879086241436746
 0.07875846875098606
 0.07897769052080479
 0.07868122012271923
 0.07882239592907622
 0.07875846875098606
 0.07896855386797928
 0.07891373834764145
 0.07885893037570292
 0.07884066273186661
 0.07895941742439594
 0.07898808517744949
 0.07891373834764145
 0.07879499730312806
 0.07874020574014287
 0.07900510173400185
 0.07879086241436746
 0.07895941742439594
 0.07891373834764145
 0.06899601147892551
 0.07871281280706424
 0.07891373834764145
 0.07872194357356792
 0.07890460316103201
 0.0788863334171392
 0.07883152922530423


