# Created by Octave 4.0.0, Mon Jun 29 12:51:38 2020 EEST <li9i@spell>
# name: errors
# type: matrix
# rows: 100
# columns: 1
 0.03814315141673724
 0.04489999999999911
 0.01352479205015758
 0.05658621740318077
 0.008886506625213958
 0.05081781183797459
 0.01106797181058915
 0.03095948965987486
 0.0119000000000009
 0.004500000000000171
 0.0176238474800468
 0.01144770719401842
 0.02339273391461654
 0.01850108104949497
 0.02340085468524764
 0.03213502761785007
 0.005032891812864142
 0.007710382610480264
 0.01297112177107439
 0.01984867753780956
 0.04766235411726898
 0.01106797181058915
 0.02466029196907528
 0.01200708124399997
 0.01325443322062599
 0.03005095672353853
 0.02380084032129958
 0.05200961449578368
 0.0109635760589329
 0.02954115772951213
 0.01205404496424453
 0.04127529527453377
 0.04216017077764401
 0.01752826289168403
 0.03334186557467982
 0.00370540146272824
 0.05584263604093374
 0.04500988780257025
 0.02530494022913272
 0.02473155878629588
 0.03458612438536644
 0.03809160012391185
 0.02453263133053629
 0.03302877533303202
 0.01556470365924213
 0.01824773958604079
 0.008514693182961464
 0.02033937068839574
 0.04376402632299888
 0.04657778440415573
 0.004609772228645719
 0.06734567543651128
 0.04997209221155166
 0.04241697773297869
 0.06734567543651128
 0.001486606874731732
 0.03183535770177605
 0.01510297983842956
 0.008440379138402105
 0.01216716893940279
 0.01874486596377872
 0.02400541605554719
 0.01350037036529049
 0.03971561405794916
 0.00936215787091817
 0.04442037820640436
 0.02626518608348239
 0.01955760721560869
 0.01958009193032665
 0.008953770155636608
 0.02970875291896441
 0.01590785969261579
 0.008683317338437429
 0.00939201788754743
 0.04657778440415573
 0.007106335201774033
 0.04592003919858814
 0.03957903485432652
 0.02328347053168924
 0.0187683243791225
 0.02481632527188546
 0.006894200461257078
 0.04221670285562454
 0.04113939717594327
 0.01161808934377642
 0.02992423766781563
 0.02883834253212007
 0.007782030583338434
 0.02485196169319467
 0.04488073083184022
 0.03207054723574208
 0.001802775637731143
 0.009360555539069903
 0.01717236151494651
 0.02448060456769886
 0.0172794675843886
 0.03566020190632663
 0.02772760357477792
 0.01579177000845512
 0.0119406867474187


