# Created by Octave 4.0.0, Mon Jun 29 12:57:17 2020 EEST <li9i@spell>
# name: errors
# type: matrix
# rows: 100
# columns: 1
 0.0007902531240044287
 0.001278827588065919
 0.004913674795914582
 0.002175545908501974
 0.003535661182861971
 0.002620686932848228
 0.0009314504817752385
 0.003894868418830599
 0.002906217472936597
 0.002349404179787021
 0.002470182179516945
 0.002223960431303487
 0.004572001749781265
 0.002995062603687248
 0.005115632903170598
 0.002343501653508741
 0.002004445060359664
 0.001816865432551935
 0.002232711356177422
 0.001321968229573336
 0.003382809483256066
 0.002919880134526025
 0.003336540124141391
 0.002991671773440879
 0.003799605242653939
 0.003238965884353171
 0.005110029354123692
 0.003810774199555486
 0.001098362417419564
 0.003630220378986411
 0.001443606594608854
 0.002200568108466738
 0.001179533806213569
 0.001323064624271773
 0.003737084425057426
 0.002139742975218858
 0.001711636643683323
 0.001761732102222465
 0.001394740119163125
 0.004753283075939085
 0.001540000000000319
 0.004792045492271392
 0.001816865432551935
 0.003169684526889403
 0.001583982323134764
 0.003805049276948902
 0.002791146717749791
 0.0004973932046172906
 0.001562081944074525
 0.002077811348510556
 0.00407383112070136
 0.003067898303400207
 0.002728021260914943
 0.003539562119810387
 0.002408588798446612
 0.003351611552671377
 0.003452491853720002
 0.004408276307130009
 0.003560351106281742
 0.002810284683088379
 0.002991320778520019
 0.00290614865414701
 0.002431892267350739
 0.0007940403012445545
 0.00371464668575673
 0.003211619529147663
 0.002727673000929856
 0.001655928742429729
 0.001769180601295326
 0.003959040287747445
 0.002350531854708852
 0.001690266251216011
 0.001750114281982237
 0.003530509878189981
 0.002329484921609116
 0.002257542912107277
 0.002989180489699912
 0.002610938528576192
 0.002360275407658882
 0.002496898075613902
 0.002033371584339214
 0.001170469991072057
 0.00146277134234966
 0.002271783440384457
 0.00245898352983459
 0.003819554947897868
 0.001440867794074661
 0.00223109838420533
 0.001642467655693806
 0.003758324094594488
 0.00147166572291338
 0.001384377116251519
 0.001066770828246413
 0.003664887447112489
 0.003761980861195422
 0.004148023625777279
 0.00247072863746772
 0.004535118521054428
 0.00321278695216402
 0.003252276126038767


