# Created by Octave 4.0.0, Mon Jun 29 12:52:06 2020 EEST <li9i@spell>
# name: errors
# type: matrix
# rows: 84
# columns: 1
 0.09421517924411259
 0.1191491921919754
 0.117533186802707
 0.09079845813669066
 0.1220245876862531
 0.1184145683604872
 0.08634222605423282
 0.1189272466678686
 0.1154887440402756
 0.1172465777752178
 0.09320906608265407
 0.09454311185908813
 0.09360822613424763
 0.0999353791207117
 0.09054943401259033
 0.1172465777752178
 0.118004491439948
 0.09334200554948736
 0.09385744509627689
 0.0863130349367941
 0.09368121476582376
 0.1198540779448094
 0.1205034854267712
 0.09204830253731225
 0.09130350486153349
 0.09384977357458225
 0.1217280986461234
 0.09576899289436232
 0.1166249544480107
 0.1148958658960369
 0.1125615387243821
 0.1213509373676218
 0.09152644426612444
 0.09631967607919278
 0.09743531187408522
 0.09688302224848501
 0.1156685350473528
 0.12269409113727
 0.1174353013365242
 0.09260113390234621
 0.09602551744198085
 0.1096941201705939
 0.0899649931917971
 0.08663607793523506
 0.1209365536138692
 0.1151557640763183
 0.09320643754591199
 0.1146509485351088
 0.0970527691516339
 0.1119861152107732
 0.1168626972134413
 0.09455416437153893
 0.09664662435905623
 0.09841666525543633
 0.09926877656141457
 0.1155308616777365
 0.122922943342569
 0.09256792100938901
 0.1100781540542908
 0.09119221457997477
 0.1181316638332025
 0.09328049099356532
 0.1220270461823943
 0.09746630186890327
 0.08839055379394364
 0.1138920980577701
 0.09821160827519369
 0.1207696153840036
 0.1231441431818841
 0.1224010212375696
 0.09031245761244952
 0.09159235775980554
 0.09941272554356742
 0.117435429066361
 0.09274588939678227
 0.11884717076986
 0.09312598992762769
 0.113174555444234
 0.0917962962215829
 0.0961624666904925
 0.09050552469324956
 0.09582301393715451
 0.1178284345987871
 0.1143469282490799


