# Created by Octave 4.0.0, Sat May 02 19:13:34 2020 EEST <li9i@spell>
# name: errors
# type: matrix
# rows: 32
# columns: 1
 0.03880194730550413
 0.0279877571532926
 0.04139402367987492
 0.04148531302051511
 0.02082941871599921
 0.06310669009593725
 0.03150849562276914
 0.0346109247834696
 0.04074452218672862
 0.0355973401640319
 0.04088969418487968
 0.05877537134739032
 0.02873700433799985
 0.04139390122631215
 0.04092437826630622
 0.03782103349847588
 0.03347483386253151
 0.03149985396154242
 0.03059015299366262
 0.06869407875176095
 0.04041974281153869
 0.04747820488145801
 0.02128769728159665
 0.01939251913711568
 0.04136664530252832
 0.04812428856076877
 0.02791373469003089
 0.02088542621362642
 0.04136639359258056
 0.03059257019337992
 0.02042972262931976
 0.04675324625368324


