# Created by Octave 4.0.0, Mon Jun 29 12:53:31 2020 EEST <li9i@spell>
# name: errors
# type: matrix
# rows: 100
# columns: 1
 0.06451641961547336
 0.06514421232926029
 0.07048820043099516
 0.07121921369967536
 0.0788705293503197
 0.07085864026355307
 0.0677130711162898
 0.07675504478534242
 0.06287232220937838
 0.06935449228420483
 0.06470729557012873
 0.07438646113373018
 0.07027516204179014
 0.0749649444740647
 0.06331517669563876
 0.07785438266404708
 0.06302534093521504
 0.07371329595127069
 0.06983497762582797
 0.07918771621912134
 0.08053605962548777
 0.07518804692236668
 0.0761019874904697
 0.07036201034649225
 0.07145830952380509
 0.07053020345922495
 0.07644533994953516
 0.07270765846869268
 0.07331445696450378
 0.06905674188665427
 0.06282017908283784
 0.07210117890853
 0.0710885229836709
 0.07068633814252878
 0.07344516389796929
 0.07253533001234398
 0.06447154411056179
 0.08173510200641874
 0.07704280693225071
 0.0665653280619873
 0.07596345239652844
 0.08031611855661194
 0.06981367774297291
 0.06374339887392226
 0.07327140028687727
 0.08354971932927234
 0.08236654903539185
 0.07238156947731848
 0.06945060762873209
 0.07774511174343866
 0.06997099470494754
 0.08172477959590932
 0.07771056620563099
 0.0708552616253729
 0.07621452355030583
 0.07678285225230776
 0.06687963890452557
 0.07875646005249423
 0.0727485559994141
 0.07121301917486758
 0.07821355636972464
 0.06472488006941443
 0.07033745517147792
 0.07455818935569421
 0.07161472544107089
 0.07020055626560083
 0.07096100619354084
 0.07274509193065833
 0.06574435336969849
 0.06445578406939054
 0.07021037245307767
 0.07224392292781277
 0.07805850370074809
 0.07152658596633792
 0.07385566735193658
 0.07837080132294133
 0.07785115606078136
 0.06342000394197367
 0.07213101690673518
 0.07057688644308341
 0.06523518145908529
 0.06822851603252011
 0.07314726515735101
 0.07035846857343962
 0.07922236363552691
 0.07019054423496113
 0.06536601257534269
 0.07184347987117615
 0.07254419342718003
 0.07578272626396933
 0.06652011425125388
 0.06885666561778601
 0.0776539123290005
 0.07213891044366938
 0.07075415818169192
 0.08079290872347351
 0.07083369607750029
 0.07294593957171236
 0.07062640016310943
 0.06877106949873599


