# Created by Octave 4.0.0, Mon Jun 29 12:57:06 2020 EEST <li9i@spell>
# name: errors
# type: matrix
# rows: 100
# columns: 1
 0.04467941360402965
 0.04711793713650923
 0.04561578674099603
 0.04236909250857161
 0.04423663640015984
 0.04558003949098653
 0.04551582142508129
 0.0495100999797012
 0.04131888188225798
 0.05011207439330234
 0.03694374101251845
 0.0441311681241262
 0.04661298102460274
 0.04474930167052777
 0.05013232490120389
 0.04181865612379278
 0.0439241391492188
 0.04191336302421957
 0.03887840017284704
 0.04440912068483188
 0.04590010893233222
 0.04314556755913579
 0.04076186943701065
 0.03881352856930231
 0.04562466438232755
 0.04619112468862306
 0.04506905812195355
 0.04505640908905068
 0.04931987429018728
 0.04261748467471902
 0.04544403151129872
 0.04593930778755779
 0.04393017186399277
 0.04592787824404655
 0.04043191808460167
 0.04656715580750026
 0.04567931698263405
 0.03649397210499207
 0.04037734513313187
 0.04522167621837953
 0.04300662739625163
 0.0437858424607774
 0.04622120725381262
 0.04930162269134637
 0.04165153058412125
 0.04059076249591812
 0.03827440397968418
 0.04265688690000734
 0.04880502023357838
 0.04041707559930539
 0.0473009513646395
 0.04414260980050871
 0.04523991600345821
 0.04513590588433976
 0.04560537249053041
 0.03871562991867714
 0.04746072060135589
 0.04316225202651053
 0.04882622246293476
 0.04537488291995794
 0.04466452731194998
 0.04531103618325225
 0.04702722615676889
 0.04242275332884404
 0.04532824726370886
 0.04075904807524359
 0.04712716838512615
 0.04185235955116545
 0.04184985065684144
 0.03899089637338395
 0.04860658391617197
 0.05126597312057935
 0.04190011933157119
 0.04307574723669812
 0.03775142381420814
 0.04425494322671789
 0.04523195772902115
 0.04424669479181496
 0.03658332953682651
 0.0493365989910115
 0.04150228909349459
 0.04597270929584218
 0.0461732606602558
 0.04344951092935261
 0.04016092628413863
 0.04952918331650551
 0.04253116504400056
 0.04218826851151761
 0.0446327234212749
 0.04474751389742176
 0.03671634513401377
 0.04461356296015732
 0.04440833255144782
 0.04509334762467736
 0.04452246623896713
 0.0373080420284955
 0.04401090773887732
 0.04977328600765634
 0.04414260980050871
 0.04567986427300362


