# Created by Octave 4.0.0, Mon Jun 29 12:07:35 2020 EEST <li9i@spell>
# name: errors
# type: matrix
# rows: 100
# columns: 1
 0.09818029333832944
 0.1161792580454948
 0.1051080396544406
 0.1157743494907253
 0.1140169285676541
 0.1219431014859012
 0.1213906503813224
 0.1293649875352728
 0.1202135599672532
 0.1207414179144864
 0.11081610893728
 0.123893664083358
 0.1213342490807873
 0.1055814851193149
 0.1239207004499223
 0.1231594900931263
 0.1221361944715822
 0.1090340313847035
 0.1090241257704029
 0.1227427390927876
 0.120195923391776
 0.1133174302567814
 0.1120208016396957
 0.1121414285623296
 0.1078076991684743
 0.1225099179658541
 0.109073369802169
 0.1211204772117406
 0.1241301333278859
 0.1312499904761857
 0.1201379623599457
 0.1330361229140442
 0.1314887067394012
 0.1109184385032573
 0.1105959312090624
 0.1192525471426078
 0.1144514744334939
 0.1319043592911222
 0.1065804860187866
 0.122078048804853
 0.1073421631978746
 0.1146201116733004
 0.1251572610758169
 0.1157539200200139
 0.112414411887441
 0.1123646296661062
 0.1107355859694675
 0.1218985233708721
 0.1275468541360354
 0.1217986863640127
 0.1147611868185422
 0.1155447965076731
 0.1243158879628894
 0.1056201211890996
 0.1271646570396016
 0.1118472619244637
 0.1252680725484379
 0.1153128353653674
 0.1195041840271734
 0.1120862614239561
 0.1274177381685972
 0.1131317815646898
 0.1507932690805556
 0.1043155309625574
 0.1223799411668421
 0.1039602327815764
 0.119032516565857
 0.1097278451442549
 0.1337972346500477
 0.1097660238871768
 0.1165368611212792
 0.1187621572724263
 0.1149921736467334
 0.1115887091062544
 0.1229407174210426
 0.132045636050568
 0.1194805423489533
 0.1096978121933154
 0.1026859776210996
 0.107291378964013
 0.1037938341135922
 0.1085582332207065
 0.1030361587016892
 0.1233003649629579
 0.1034002901349901
 0.1166645190278507
 0.1241782992313882
 0.1188963414071274
 0.1099240192132725
 0.1200860108422291
 0.1210640326438851
 0.1054280797510853
 0.1262554949299239
 0.1168113864312895
 0.1040656043080501
 0.122965889579186
 0.1064639845205823
 0.1136405297418127
 0.1249357034638195
 0.1192289394400494


