# Created by Octave 4.0.0, Mon Jun 29 12:07:06 2020 EEST <li9i@spell>
# name: errors
# type: matrix
# rows: 97
# columns: 1
 0.07509121120344503
 0.07711270971766082
 0.07752844639227645
 0.0799081973266912
 0.07747031689621224
 0.07788741875297359
 0.079663542477091
 0.07762576891729051
 0.08295794115093214
 0.07501706472530377
 0.0788190966708021
 0.07729844759114313
 0.07857894119928252
 0.07656402549500851
 0.07529096891393583
 0.08501394003338958
 0.08155488949167435
 0.08124161495193996
 0.07660058746510931
 0.07390027063550798
 0.0829174288072269
 0.07531699675371938
 0.07693438762998889
 0.09634028233298664
 0.07840637729164836
 0.07843500494039485
 0.07600657866264704
 0.07660789776517726
 0.08316273203785265
 0.07911422122475517
 0.0826741192877182
 0.09714715641746662
 0.07720369162158124
 0.08527115573275315
 0.07370006784257624
 0.07413885620914433
 0.0761000657029907
 0.07768346027308898
 0.07764354448375327
 0.09859599383341784
 0.09781865875179728
 0.07958341535773028
 0.07482673319074816
 0.07580402363991076
 0.07544143423875421
 0.09707260169584024
 0.09376358568228745
 0.08151202365296105
 0.08102468759582154
 0.07683749084919976
 0.07789768931104044
 0.07700103895402788
 0.0751415996635746
 0.07912787119592878
 0.07750058064298671
 0.07787380817708267
 0.07695095840859527
 0.08187484351130184
 0.0781282279333211
 0.08258292801783736
 0.08277402974363643
 0.07876528423107067
 0.0775403120963546
 0.09313393581289096
 0.07770778596769508
 0.0784594799880789
 0.07884009132414543
 0.07922789912650405
 0.07472168359988314
 0.08113260750155284
 0.07697077367417693
 0.07851783236947045
 0.07776323038557477
 0.07794183728909285
 0.07510665749453187
 0.07725347888606394
 0.07632620781881211
 0.07500666637039952
 0.0799728078786808
 0.07728389224153204
 0.0766152073677239
 0.07545197147855218
 0.07797858680432668
 0.07763710453127794
 0.07750025806408703
 0.07625903225192415
 0.07450107381776502
 0.07481503859518775
 0.07655494758668011
 0.07872871140823634
 0.07738850043773442
 0.0963110066399496
 0.1219685205288678
 0.08234761684469415
 0.08242293370173494
 0.07804165554368987
 0.08211948611627294


