# Created by Octave 4.0.0, Mon Jun 29 12:51:39 2020 EEST <li9i@spell>
# name: errors
# type: matrix
# rows: 100
# columns: 1
 0.03953795644693844
 0.01310343466424118
 0.007310950690574394
 0.01256423495482246
 0.01651938255504653
 0.01772907216974265
 0.04786742107112043
 0.01704171352886792
 0.01658463143997873
 0.03698675438586208
 0.02635014231460434
 0.02800803456153245
 0.04590185181449697
 0.01321892582625335
 0.01099999999999994
 0.02528339375954253
 0.02593568969586123
 0.0210535032714281
 0.008381527307119645
 0.01799138682814498
 0.03725922704512407
 0.00677790528113225
 0.01858090417606167
 0.01925123372670104
 0.04379235093027262
 0.02390083680543398
 0.03252030135161751
 0.02711549372591134
 0.008823264701910168
 0.04204342992668312
 0.03377128958153575
 0.04710244155030574
 0.01549516053482602
 0.03242344830520132
 0.04774819368311223
 0.02315361742795166
 0.02002498439450042
 0.02627394146297902
 0.04125396950597374
 0.03545715724645752
 0.0247491413992487
 0.03616973873281221
 0.02778506793225528
 0.006280127387242991
 0.03668909919853568
 0.02509123352886486
 0.05068421845111203
 0.007571657678474467
 0.02950542323031391
 0.006964194138591643
 0.01719563898201918
 0.01243261838873732
 0.02964675361654169
 0.007333484846920233
 0.03304088376541991
 0.01683448840921642
 0.02018043607061133
 0.02769855591903423
 0.02596247291765547
 0.02551234995056419
 0.01351480669488222
 0.01775978603474593
 0.01423587018766361
 0.0205827597760832
 0.06167333297301101
 0.02762788446479244
 0.0134260939963928
 0.03273973121453343
 0.02966647940015784
 0.0433779898105032
 0.02963055855025184
 0.01683151805393775
 0.03721505071876226
 0.01618177987738059
 0.03879394282616869
 0.008004998438475252
 0.0291084180264068
 0.03626913288183186
 0.008075270893288229
 0.02134595980507757
 0.039497468273296
 0.08341139010950431
 0.03830992038623919
 0.007741446893185719
 0.02362308193271901
 0.02666083269517126
 0.0368048909793245
 0.02212735863133971
 0.05210777293264519
 0.01541557653803375
 0.01432096365472673
 0.04264141179651647
 0.04993405651456664
 0.05168055727253614
 0.02993927186823237
 0.0242249871000988
 0.02097808380190988
 0.02698833081166662
 0.0509982352635848
 0.01940335022618625


