# Created by Octave 4.0.0, Wed Mar 18 16:01:40 2020 EET <li9i@spell>
# name: errors
# type: matrix
# rows: 30
# columns: 1
 0.04235368802364355
 0.04329866333443363
 0.03498261533428711
 0.04120071347449707
 0.04268781777905199
 0.04213622573707637
 0.04470631641433367
 0.1114988519599431
 0.04581798903797374
 0.04231996976760218
 0.04085269203101073
 0.04230753142917469
 0.04012033283376908
 0.04379253695372293
 0.04268771081942192
 0.04312649943839819
 0.04186986061756645
 0.04394865553841782
 0.04293892963005109
 0.04189037764014902
 0.04402543124982281
 0.04335198048410937
 0.03532796430767082
 0.0435792985689596
 0.04289540634680065
 0.04104725514520387
 0.04231496041692748
 0.04174279539201557
 0.04342178043319778
 0.04989957021180075


