# Created by Octave 4.0.0, Wed Feb 19 13:18:35 2020 EET <li9i@spell>
# name: errors
# type: matrix
# rows: 94
# columns: 1
 0.02774923543546011
 0.01852543502195514
 0.03045979154060116
 0.06839426357680939
 0.02813869735291977
 0.02981556760470723
 0.0168797793259427
 0.008784231289063579
 0.01861968807273037
 0.02862436839254888
 0.01534481745495148
 0.02967010357734215
 0.0287699651987626
 0.02831712696867484
 0.02804320427265332
 0.0695406592650136
 0.0668202148076591
 0.0185023204279788
 0.0291515873523541
 0.02797394421475539
 0.02945499250023971
 0.03533014308103472
 0.02922375902011682
 0.02800821641977097
 0.03529699620348987
 0.02854175181315887
 0.03605907844462901
 0.03681961296167435
 0.03437422610594464
 0.03023419916509229
 0.02860881173768194
 0.03052644627407701
 0.007521575160510598
 0.0652499788103698
 0.01739686174929854
 0.01576913489506117
 0.0156842949069327
 0.02748658322996169
 0.03817423306609996
 0.01636187590604752
 0.02821774047191137
 0.03003488483492135
 0.02946169151553041
 0.02763844339384027
 0.02836242683954381
 0.02958832032525933
 0.01861963057835688
 0.02601812873643895
 0.01861959473867041
 0.01627247972477467
 0.03012944244729991
 0.02162965000057191
 0.01812668181044814
 0.01940410778033939
 0.03052235380652766
 0.02829495338856091
 0.06676863672623047
 0.02804239955212746
 0.02915206175429757
 0.06524985414914454
 0.02851491574053226
 0.06502012321777764
 0.02976028964324973
 0.06585733385655727
 0.02859110328928312
 0.02774746751028923
 0.01669259750808825
 0.0175747428424775
 0.02821158954700949
 0.01166195794748742
 0.02891459192184014
 0.028400100217528
 0.02928205220843962
 0.02999311224830244
 0.007426709307551774
 0.02909267667178254
 0.0276113276601
 0.02907188429642689
 0.02833264879631278
 0.02860036710341446
 0.02912500639914202
 0.02979711762841659
 0.02938765142204638
 0.02896177364262174
 0.01182453805413733
 0.0283976357765815
 0.01108708765002009
 0.02964190718951821
 0.02963672309839932
 0.02801074604570367
 0.01773447456502803
 0.06502066835162452
 0.02891378180904858
 0.02915156234553192


