# Created by Octave 4.0.0, Mon Jun 29 12:51:47 2020 EEST <li9i@spell>
# name: errors
# type: matrix
# rows: 100
# columns: 1
 0.09620940702447049
 0.06287972646250965
 0.06262044394604664
 0.07537406715840626
 0.1068685641337059
 0.09561223771045298
 0.1083699681646161
 0.1128528688159934
 0.07821112452842048
 0.07716586032696142
 0.09027629810753202
 0.08466227022706221
 0.1114372020467135
 0.05759045059729974
 0.1119807126249867
 0.08920880001434886
 0.07785858976375024
 0.09199157570125722
 0.08400077380596005
 0.07914726779870462
 0.09591850707762309
 0.05155589200081866
 0.05021205034650555
 0.07551191958889793
 0.0698330151146285
 0.0644187084626818
 0.07580164905857846
 0.07376733694529053
 0.085065856840451
 0.09149699448615885
 0.07323414504177732
 0.0784302237660965
 0.09267718165762316
 0.08412591752842939
 0.0808931393877131
 0.07080254232723587
 0.06346629026498998
 0.07937379920351452
 0.08155942618729063
 0.0636969387019507
 0.07611681811531609
 0.06706780151458766
 0.1088533417034128
 0.07009764618016691
 0.07033078984342543
 0.08090908478038815
 0.09063073430133911
 0.06234163937530111
 0.08697827314910302
 0.07656631112963518
 0.1156249972972979
 0.06748570218942605
 0.0771461599822057
 0.08337145794575034
 0.08765232455559883
 0.08226597109376411
 0.0776403245742833
 0.05100039215535534
 0.07775512844822509
 0.09884462554939451
 0.07806561342870436
 0.09667450542930135
 0.07916792279705247
 0.1217739709461757
 0.07231493621652385
 0.09763733916898823
 0.05698780571315304
 0.07033775657497172
 0.08782214982565656
 0.07360142661660805
 0.07145579052812971
 0.08062660851108629
 0.07874725392037507
 0.07845317074535571
 0.07615779671182779
 0.07574760722293435
 0.07997505861204546
 0.08387663560253342
 0.0768208305083985
 0.07360244561154279
 0.08979270571711202
 0.08550537994769623
 0.09473990711416179
 0.07218490146838263
 0.07155990497478276
 0.07851783236946906
 0.07821464057323282
 0.07258774001165845
 0.08598238191629806
 0.08991518225527906
 0.10025108478216
 0.09052209674991023
 0.06672166065079661
 0.08755946550773304
 0.0740121611628799
 0.1243563428217477
 0.06687570560375405
 0.05636851958318482
 0.09174055809727799
 0.09537504914808791


