# Created by Octave 4.0.0, Mon Jun 29 12:07:26 2020 EEST <li9i@spell>
# name: errors
# type: matrix
# rows: 96
# columns: 1
 0.26297475163978
 0.2785215431524096
 0.2757825955349572
 0.255222354036639
 0.2742774143089417
 0.2629164315899717
 0.2551777811644211
 0.2747331068510038
 0.2708177431410322
 0.274582319168589
 0.2749968908915116
 0.2744556977000088
 0.273207796374854
 0.2750454507895054
 0.2752506130783423
 0.2573702391497534
 0.2574825236787943
 0.2726224678928721
 0.2568165103726869
 0.2598104308914542
 0.277317002724329
 0.2857558748302488
 0.2646187068217166
 0.2627139318726771
 0.2764660015264147
 0.2838577812919776
 0.2764633791300391
 0.2763758672532807
 0.2756920927411634
 0.2513071825475807
 0.2531542810224712
 0.2732948956713213
 0.2736584184709195
 0.2737362416633909
 0.2579417763759921
 0.2560444687939974
 0.2778671984959807
 0.260986532219583
 0.2750520859764571
 0.2746760455518479
 0.2739420559169412
 0.2798488877948201
 0.2746456990378729
 0.2720555274204176
 0.2522368133322387
 0.2719062338380709
 0.25162273347216
 0.2605107483387235
 0.2842486587479369
 0.2772352430698585
 0.2736095027589514
 0.2764470473707492
 0.2715002946591449
 0.2739843973659888
 0.2574317773702434
 0.2742353004264782
 0.2608852813019545
 0.2737872531729701
 0.2519554921012849
 0.2589771418484706
 0.2743584698893054
 0.2773241424759162
 0.272913539422291
 0.2753180887628031
 0.2816159796602445
 0.2763205566004863
 0.2733821135334268
 0.2597270297831994
 0.257578978179508
 0.2786537816000409
 0.2732038433111871
 0.2775415104088125
 0.2625478432590931
 0.2800511738950618
 0.2832864274899221
 0.2463465039329754
 0.2606393101586901
 0.2703391388608046
 0.2733691460278664
 0.2727121742790468
 0.2735612728439458
 0.2764573746529482
 0.2906161729842362
 0.2808091166611202
 0.2729792116627255
 0.2760211586092681
 0.260147208326367
 0.2521372840339268
 0.2688756218031005
 0.2692126668639516
 0.2740998723093447
 0.2663130676478396
 0.2694490118742325
 0.2697389108008013
 0.2611639523364668
 0.2723847279125647


