# Created by Octave 4.0.0, Mon Jun 29 12:53:23 2020 EEST <li9i@spell>
# name: errors
# type: matrix
# rows: 100
# columns: 1
 0.1450629173841463
 0.1449651337391158
 0.11837774284045
 0.1237964413866571
 0.09621439601223837
 0.09599395241367971
 0.1778059923062209
 0.1316572705930041
 0.110302430163619
 0.1489342905445213
 0.1569289316856517
 0.1338634561782996
 0.1305833511593265
 0.1547605340518033
 0.1449442182358414
 0.1447644738877593
 0.11837774284045
 0.1296950793206897
 0.118123530255406
 0.148917004066023
 0.1300577548629837
 0.1447290672256251
 0.145240860641898
 0.1235956050998563
 0.1307564243163597
 0.1153486211447698
 0.1301707912705453
 0.1238845204212361
 0.2083614227730233
 0.1711726499765632
 0.1430775457575336
 0.1446303343009315
 0.1489342905445213
 0.1450367570652339
 0.1303366011525538
 0.1711726499765632
 0.09995436158567457
 0.1488305818707966
 0.1446096829399736
 0.1449616625180576
 0.1152987966112394
 0.1546649397892078
 0.1622392172071823
 0.1671010774950283
 0.1449703849067085
 0.09974845161705262
 0.1489602215358178
 0.1458344952334653
 0.1303366011525538
 0.118123530255406
 0.1449180530506784
 0.1364580316434316
 0.1446216183701428
 0.09974845161705262
 0.118123530255406
 0.09601221849327193
 0.1316822406401102
 0.1054561752577806
 0.1316551647296827
 0.1298664175220042
 0.09599395241367971
 0.1634757049227779
 0.1547783386007207
 0.1616632701017757
 0.1446859785881126
 0.1317328391100713
 0.1055432157933425
 0.09984784474389
 0.1445900580952914
 0.1478139401409759
 0.1153486211447698
 0.1316892406387077
 0.1478139401409759
 0.1446685370078779
 0.1236497650624522
 0.1455627273720826
 0.1488796577776804
 0.1450367570652339
 0.1551742517301115
 0.1450541971126644
 0.1777219370252302
 0.1456239200818302
 0.09995436158567457
 0.1464856648276539
 0.1054561752577806
 0.1317093178176847
 0.1152440805421258
 0.1622392172071823
 0.1547783386007207
 0.1298504693869068
 0.1177684592749681
 0.09614123152945284
 0.1301707912705453
 0.1488796577776804
 0.1443997590025666
 0.1152440805421258
 0.1446216183701428
 0.1317905569454803
 0.117667512933687
 0.1671010774950283


