# Created by Octave 4.0.0, Mon Jun 29 12:07:28 2020 EEST <li9i@spell>
# name: errors
# type: matrix
# rows: 96
# columns: 1
 0.2798462613650605
 0.2703833204914873
 0.2737720219452773
 0.2509877487049925
 0.2739186923158026
 0.2807484639316829
 0.2691420628590041
 0.2580239136204236
 0.2848095855128511
 0.2637872627705934
 0.2819919325087102
 0.2551777811644258
 0.2745124587336659
 0.2901215779634485
 0.2876512645548463
 0.2778061374411983
 0.2520039682227325
 0.2926225726084677
 0.2892905114240668
 0.2756238378660287
 0.2820843313620987
 0.3018421110448344
 0.2682619801611859
 0.2816487528820277
 0.2613426295115384
 0.2507821365249143
 0.2505498952304782
 0.2682726411693903
 0.2698696722494096
 0.304194756693809
 0.2700690282131678
 0.2690258723617561
 0.2766981207019723
 0.2715213619588756
 0.2764366292660997
 0.28733551816648
 0.2691245993958966
 0.2759968296919444
 0.2756746633261809
 0.272711569244874
 0.2789981541157602
 0.2796483506119786
 0.2796168807493523
 0.2830621839808389
 0.2762630087434776
 0.2721592364774676
 0.2502079535106729
 0.2786198126479902
 0.2528559471319607
 0.27944496774858
 0.2939206185350065
 0.2550363307452496
 0.2843380030878714
 0.2840265128469536
 0.292404941818703
 0.2805723079706964
 0.282574061088426
 0.273386411513088
 0.2729267300943651
 0.2851596044323256
 0.2768398995809727
 0.26002438347202
 0.2518250384691703
 0.2729813363583727
 0.2519912696900379
 0.2676655375650777
 0.2734712050655518
 0.2652486569240239
 0.2856803283392195
 0.2625297887859552
 0.2761787826752798
 0.2544811387902818
 0.2734755930608765
 0.2775263591084686
 0.3026353911888036
 0.2561133538103826
 0.2611928980657864
 0.2561523960457987
 0.2745210010181355
 0.2747927946653632
 0.3011698856127547
 0.2851796977346066
 0.247401394498902
 0.2819546949422933
 0.2907158750395301
 0.2732519899287122
 0.2857697674702424
 0.2736661469747471
 0.2899307848435553
 0.2533224230106789
 0.2806993587452573
 0.2693708410351828
 0.2661801081974378
 0.2780457696135663
 0.2751850286625327
 0.2788037661151609


