# Created by Octave 4.0.0, Mon Jun 29 12:07:09 2020 EEST <li9i@spell>
# name: errors
# type: matrix
# rows: 100
# columns: 1
 0.1218006568126864
 0.1225019999836761
 0.1223033114842048
 0.1225001632651996
 0.1215014814724612
 0.1220014754009146
 0.1221080259442466
 0.1217001643384306
 0.1221006551989005
 0.1219000410172311
 0.1227079867001419
 0.1221010237467352
 0.1222080193768052
 0.122101474192578
 0.1221020065355226
 0.122204950799882
 0.1225010204039156
 0.1219041016537288
 0.1223014717818327
 0.1222049507998821
 0.1224069034000932
 0.1225001632651996
 0.1221010237467352
 0.1224006535930252
 0.1224001633985827
 0.1220003688519013
 0.1218000000000075
 0.1222049507998821
 0.1224001633985827
 0.1221003685498156
 0.1224000408496653
 0.1227040749119694
 0.1223020032542494
 0.1226010195716225
 0.1223040882391199
 0.1224147458437903
 0.1222006546627374
 0.1221000409500373
 0.1226000000000056
 0.1221069203608083
 0.1221003685498155
 0.1224006535930252
 0.1223014717818327
 0.1221000409500373
 0.1223000000000098
 0.1223000408830774
 0.1222092058725594
 0.122000163934316
 0.1221040949354311
 0.1220020081801934
 0.1222049507998821
 0.1217181169752515
 0.1216000411184149
 0.1220049589156113
 0.1219010254263787
 0.1219000000000108
 0.1220092209630075
 0.1223000408830774
 0.1220000409835996
 0.122500653059486
 0.1220020081801934
 0.1223033114842048
 0.1218041050211438
 0.1221000409500373
 0.1221001638000571
 0.1226010195716225
 0.1221000409500373
 0.1226001631320341
 0.1218010262682618
 0.1224033087788061
 0.1217000410846315
 0.1225019999836761
 0.1225058774100271
 0.1221026207744977
 0.1220006557359425
 0.1218014778235544
 0.1224049427106591
 0.1221000000000032
 0.1223014717818327
 0.1221026207744976
 0.1221020065355226
 0.1219000410172311
 0.1220006557359425
 0.1226001631320341
 0.1224006535930252
 0.1227006519950167
 0.1221003685498156
 0.122200163666018
 0.1222000000000065
 0.1222000000000065
 0.1219080391114657
 0.1222020048935433
 0.1218049670580056
 0.1220080325224531
 0.1218006568126864
 0.1226010195716225
 0.1221000409500373
 0.1220049589156113
 0.1223020032542494
 0.1223001635321982


