# Created by Octave 4.0.0, Wed Feb 19 21:45:39 2020 EET <li9i@spell>
# name: errors
# type: matrix
# rows: 99
# columns: 1
 0.02451677908385096
 0.02153777903050667
 0.007561688286720159
 0.07140924158747941
 0.07949576514591078
 0.009002696114906965
 0.03634024832189296
 0.04880480773257432
 0.003642183963301612
 0.002580344954657258
 0.06992246317179736
 0.03393866713472982
 0.09555174896309451
 0.001858363235538848
 0.03022134872867825
 0.01192433105727757
 0.01255822158107018
 0.05487561336689366
 0.01832895257488886
 0.04433674967122572
 0.01002447826534699
 0.02651230116113919
 0.003755505632924211
 0.01417344522234287
 0.01801321441642405
 0.003637721209048384
 0.002926845990998781
 0.02331856515018317
 0.05428232528988551
 0.15186222579787
 0.04887426673216585
 0.03211223076355612
 0.001689101813420723
 0.03368928604317992
 0.01193498310968599
 0.004462696413191243
 0.04345375721904673
 0.06403611950205612
 0.04096169033766198
 0.06885164785342779
 0.2648916834834479
 0.03090478373403441
 0.01869518241745192
 0.06565024231505585
 0.006209441447416685
 0.02449099755557646
 0.01624233617538624
 0.05037723627948567
 0.007640707506256652
 0.005178653719056972
 0.01839844544049518
 0.008925741992831446
 0.03821320472857654
 0.03296985902014148
 0.06325879751411517
 0.02338624547715049
 0.03806405848220382
 0.01104250409126703
 0.001026716348849857
 0.01330482752291615
 0.01294257006242963
 0.08199767073890549
 0.03940430504863301
 0.01703045358899942
 0.003341611185222803
 0.03983253897191309
 0.006736541509175668
 0.003075872618246752
 0.162446070852324
 0.01648064855422927
 0.0930795535043428
 0.01658381106936762
 0.04008880735635675
 0.004934659633081463
 0.02417129794827059
 0.01344608467567013
 0.01195573711773168
 0.01100785639111404
 0.01555280452661655
 0.02205147561773527
 0.01290970821028446
 0.05512344179390708
 0.01641044041281706
 0.03704135022117233
 0.8010152144750318
 0.02293351244189435
 0.01113281223397913
 0.0170527865764653
 0.02711219613565144
 0.01977753426959215
 0.05302554140631222
 0.00974454003629901
 0.01097131443684332
 0.004052237642038227
 0.06498127433164488
 0.01327042301305034
 0.0123164701396418
 0.0828001627607346
 0.08429190939210687


