# Created by Octave 4.0.0, Mon Jun 29 12:51:45 2020 EEST <li9i@spell>
# name: errors
# type: matrix
# rows: 100
# columns: 1
 0.08667554441709584
 0.07624499983605508
 0.05048920676738657
 0.08977895076241389
 0.08182823473593927
 0.09184508696713178
 0.06707972868162151
 0.07728816209485161
 0.05595015638941526
 0.1043891277863739
 0.09025353178685108
 0.07460730527233908
 0.07487269195107053
 0.09443611597265131
 0.08286676052555653
 0.08092298808126226
 0.07959195939289285
 0.07300746537170101
 0.08494727776685938
 0.05478831992313733
 0.04986912872709995
 0.08143690809454868
 0.09416395276325167
 0.08904403405057566
 0.07200944382509918
 0.07257823365169531
 0.08129138945792518
 0.08098456643089477
 0.1027456081786464
 0.07673565012430716
 0.07825918476447261
 0.07710648481158998
 0.08884508990371881
 0.06642145737636351
 0.08161158006067595
 0.09044998618020801
 0.08880050675531116
 0.07514100079184478
 0.07602137857208395
 0.08081466451084135
 0.09269525338441087
 0.1237604541038854
 0.07836612788699029
 0.07893351632861673
 0.09181285313070305
 0.07208168976931704
 0.09282294974843297
 0.08781417880957586
 0.06508840142452328
 0.08753205127266231
 0.08395439238062466
 0.07945778753526929
 0.09424415101214552
 0.09352074636143545
 0.07991351575296854
 0.0751790529336457
 0.08947116854048616
 0.07167796035044623
 0.08573033302163317
 0.07877087025036646
 0.07975286828697711
 0.03624058498424145
 0.08647780061958044
 0.09047098982546777
 0.07434547733386261
 0.08483984912763502
 0.0754539594719862
 0.09536503552141054
 0.07792368061122347
 0.07974365178495393
 0.0725118610987189
 0.07633616443076011
 0.08055935699842798
 0.07792368061122347
 0.08073766159606086
 0.07466143582867915
 0.09728951639308273
 0.08326469840214339
 0.08890489300370363
 0.05895939280555759
 0.07413312350090163
 0.07476697131755469
 0.07877620199019449
 0.09657256339147244
 0.08304179670503253
 0.0804079598049838
 0.08377189266096438
 0.09072182758300254
 0.07625903225192336
 0.07926821557219556
 0.09743207890628255
 0.07864864906659333
 0.07014164241019677
 0.08732571213565943
 0.04722891063744698
 0.07834570824237833
 0.08103554775529173
 0.07274957044546737
 0.08171780711693187
 0.0751139134914427


