# Created by Octave 4.0.0, Mon Jun 29 12:51:35 2020 EEST <li9i@spell>
# name: errors
# type: matrix
# rows: 100
# columns: 1
 0.01586190404711791
 0.01702292571798401
 0.01741551032843912
 0.01773865834836458
 0.01774852106514803
 0.01712308383440207
 0.01693192251340493
 0.01845697700058086
 0.01742641672863267
 0.01685140943660073
 0.01741062893751888
 0.01594772711078196
 0.01686712779343166
 0.01669041641182056
 0.01726267650163156
 0.01780252791038297
 0.01627882059609974
 0.01779016582272352
 0.01757270610918979
 0.01683448840921388
 0.01722440129583563
 0.01663730747446753
 0.01698528775146316
 0.01675291019494714
 0.01590503065070839
 0.01756160584912313
 0.01758465239917905
 0.01694461566397859
 0.01680743882927913
 0.01610745169168473
 0.01731733235807345
 0.01636245702820872
 0.01692483382488437
 0.01692926460304691
 0.01697792684634801
 0.01777920133189163
 0.01662077013859389
 0.01735655495770904
 0.01649757557945966
 0.0186271307506002
 0.0172699160391708
 0.01741952927033243
 0.01737872262279287
 0.01678362297002527
 0.01667213243709306
 0.01724557914365255
 0.01661114083980915
 0.01744505660638551
 0.01663069451345835
 0.01716857594560399
 0.01715488268686129
 0.01752512482123766
 0.01763093871579025
 0.0165130251619739
 0.01677050983124731
 0.01744161689752318
 0.01738073646310633
 0.01724470933359014
 0.01693310367298354
 0.01833575741549776
 0.01712103968805614
 0.01719592975096099
 0.01739798838946533
 0.01761476653265527
 0.01667153262300651
 0.01612761606685912
 0.01698587648606762
 0.01763660965151607
 0.01709883036935374
 0.01798693970635315
 0.01694461566397859
 0.01744161689752318
 0.01765899204371381
 0.01739798838946533
 0.01705197935724585
 0.01722004645754513
 0.01586757700469603
 0.01778819833485016
 0.01662077013859389
 0.01741062893751888
 0.01649060338495734
 0.0178885438199981
 0.01645752107700268
 0.01741952927033243
 0.01772258446164119
 0.01679047348945112
 0.0171642069435203
 0.01750942603285332
 0.01674873129523441
 0.01686712779343166
 0.01718138527593128
 0.01785385112517725
 0.01680743882927913
 0.01739022714055137
 0.01761476653265527
 0.01767851803743779
 0.01739798838946533
 0.01747483905505182
 0.01591383046283809
 0.01716071094098348


