# Created by Octave 4.0.0, Mon Jun 29 12:51:50 2020 EEST <li9i@spell>
# name: errors
# type: matrix
# rows: 100
# columns: 1
 0.1917239943251761
 0.2141664773021227
 0.2586447177113808
 0.2109066144055249
 0.1904303547231896
 0.2144523490195451
 0.2332470149862605
 0.2149227303009166
 0.2206474563642193
 0.2253972493177315
 0.2449507909764726
 0.2108691774537005
 0.2124882349684347
 0.2236973401719406
 0.2632523504168583
 0.2116515296424773
 0.2229111482182977
 0.2071965491990631
 0.2335077943024596
 0.2542742023878955
 0.217954605365431
 0.2049802429503887
 0.203780519186697
 0.2556323140762941
 0.2350779019814487
 0.203259956705693
 0.2183226282362869
 0.2016175835585784
 0.2215178773823901
 0.2231616454501074
 0.2224800440488985
 0.2286087049961121
 0.2178390690395106
 0.2439485601515193
 0.2184029761701973
 0.2215902750573669
 0.2150858665742594
 0.2369692807095488
 0.218767113616284
 0.231721772822495
 0.2144618614112995
 0.2133240024001042
 0.1949012313968284
 0.2008346832596393
 0.2459408872066614
 0.2513472896213523
 0.2097665368928043
 0.2122197210440144
 0.2560785035882538
 0.2400931902407888
 0.2294336723325518
 0.2029563992585589
 0.2527782625147971
 0.1968699316807919
 0.2622826338132201
 0.2628767011357216
 0.2074708895242891
 0.2226110958600233
 0.248828454964461
 0.2160263409864641
 0.2451323112117206
 0.2297102740410179
 0.1975011898698355
 0.2082673762258524
 0.2038517598648577
 0.2319206760942195
 0.2238542829610368
 0.2298957154885684
 0.2224777741708154
 0.2531568881148611
 0.228110543377548
 0.217233814126622
 0.2099920474684685
 0.2201758615289139
 0.2133656485941438
 0.2118135972972448
 0.2118962010041703
 0.1885284328688912
 0.2391025303086519
 0.2158066264042897
 0.2263115772557812
 0.2021964638662113
 0.2078000240615968
 0.2132368636047736
 0.2007633432676395
 0.1958579587354055
 0.2054770060128372
 0.2122581682762772
 0.2103232749840099
 0.2182903112829354
 0.2506262755578509
 0.2385366428874175
 0.2128740472673919
 0.2171022109514314
 0.2324706002917358
 0.2282807043970193
 0.205029412524156
 0.2363462925454942
 0.2236179107316777
 0.271030496439054


