# Created by Octave 4.0.0, Mon Jun 29 12:52:27 2020 EEST <li9i@spell>
# name: errors
# type: matrix
# rows: 100
# columns: 1
 0.2384235307179221
 0.2376136780574707
 0.2394435215243872
 0.2395672139504893
 0.2373989258610923
 0.240593370648487
 0.2380252087489903
 0.2394263978762569
 0.2384912786665357
 0.2390158572145372
 0.2382512959041345
 0.2390378421924029
 0.2388057997620669
 0.2390541570439645
 0.2384515464407802
 0.2392857078891261
 0.2387187885358003
 0.2396941801546275
 0.2397259268414648
 0.2386259206373008
 0.2384530352081941
 0.2389137501275316
 0.2392892183112322
 0.2404364780976448
 0.2392380613531207
 0.2410733705741887
 0.2374742512357925
 0.2398319620067342
 0.2392160529730385
 0.2384302204000154
 0.2394761365981997
 0.2383328135192468
 0.2376560960716138
 0.2404940123994782
 0.2391637514340346
 0.2395127136500279
 0.240055410270211
 0.2392526906849741
 0.240055410270211
 0.2369984388134227
 0.2397580864121152
 0.2397992702240757
 0.2391147005100255
 0.23902706959673
 0.2378295397968881
 0.2392689699898408
 0.2381446829135598
 0.2388414746228133
 0.2386487376878398
 0.2397245502655072
 0.2402624606550076
 0.2382849134964271
 0.2394438973956112
 0.237341694609271
 0.240462907742544
 0.239095671228068
 0.2368195304445964
 0.2378953761635561
 0.2395764596115408
 0.2404035149493447
 0.2404283885068486
 0.2381354656492803
 0.2397245502655072
 0.2385050942852165
 0.2384668111079602
 0.2392064589428964
 0.2387147251427957
 0.2387978224356333
 0.2400485159295937
 0.2400227072591237
 0.2406019118793537
 0.2381398748634937
 0.2382602148911961
 0.2398171178210581
 0.2386683891930395
 0.2381853060119351
 0.2395025052061034
 0.2388804931341184
 0.236572800634392
 0.2393437695031976
 0.2380856988565244
 0.2400086665101903
 0.2392790839166672
 0.2372707525170335
 0.2397660734966472
 0.2396257916001519
 0.2399817701409833
 0.2384252713115773
 0.2392334842784326
 0.239145144211628
 0.237671916725557
 0.2384668111079602
 0.2389749150015527
 0.2395091647515809
 0.2380252087489903
 0.2381028559257539
 0.240267038937928
 0.2390311276800561
 0.2383685591683609
 0.2383394637906195


