# Created by Octave 4.0.0, Mon Jun 29 12:57:17 2020 EEST <li9i@spell>
# name: errors
# type: matrix
# rows: 100
# columns: 1
 0.04257802837145049
 0.04278222177493912
 0.04226668901156154
 0.04317625504834945
 0.04586095943174407
 0.04355155106308013
 0.04053888256970054
 0.04097720951944014
 0.03897824264894414
 0.04281405843878929
 0.04072000122789818
 0.04014539824189078
 0.04278200790051911
 0.04231073740789786
 0.03558970637698531
 0.04047097354895338
 0.04239993632070797
 0.0410344306649919
 0.04039866334422502
 0.04849736178391557
 0.04075523524653021
 0.04067140150031746
 0.04424841353088318
 0.04029689069891184
 0.04311547402035657
 0.03897824264894414
 0.04351832947161542
 0.06375127371276582
 0.04099264812134113
 0.04705317948874409
 0.03823287198210598
 0.04428128498587262
 0.04403924272736758
 0.0427188787306028
 0.04439463593724033
 0.04177869792130983
 0.04350398717359205
 0.04690470445488492
 0.04226604547387947
 0.0415705304272154
 0.04202048310050761
 0.04679428277044181
 0.04458930477143593
 0.04246618419401609
 0.04250652302882456
 0.0398386997779798
 0.03979935300981709
 0.04206146098271073
 0.04303310353669701
 0.0394568346424304
 0.04385255864827065
 0.04115123570441177
 0.03491962915037905
 0.04014812199841999
 0.04416173117077724
 0.0427188787306028
 0.04093074150317943
 0.04103647767535743
 0.03475199274861825
 0.04235662167831661
 0.04226604547387947
 0.04334564568673634
 0.041417464915178
 0.04353960151402426
 0.04097987920919257
 0.02308551277316709
 0.04424508560281126
 0.04460995068367583
 0.04118891719868407
 0.04343495596866745
 0.04533688343942607
 0.04207084738866149
 0.04172371148399918
 0.04187360624546367
 0.04002449250146782
 0.04339233688106813
 0.02719966543911883
 0.04586095943174407
 0.04561832088097848
 0.0405647359168046
 0.04087214332525256
 0.04206588285059489
 0.04275175902813866
 0.0444372658924907
 0.03995477568451583
 0.1134108151809165
 0.0446890557071867
 0.04120097693016518
 0.04377960255644155
 0.04294340578016668
 0.04382089113653528
 0.040175789973565
 0.04376337281334782
 0.04402788434617329
 0.04894948927210479
 0.0394257593458898
 0.04163445688369284
 0.04035869794728301
 0.04230700769376215
 0.04155499127662116


