# Created by Octave 4.0.0, Mon Jun 29 12:51:46 2020 EEST <li9i@spell>
# name: errors
# type: matrix
# rows: 100
# columns: 1
 0.08350568842899246
 0.07130890547470244
 0.07945136877360866
 0.0898732997057526
 0.08566358619623671
 0.08930005599102346
 0.08233614030302942
 0.07067729479825881
 0.07654417025482742
 0.07334752892906422
 0.07614630654207781
 0.09028510397623685
 0.09500315784225247
 0.07987521517967867
 0.08089499366462577
 0.07854151768332479
 0.07485051770028138
 0.07795492287213177
 0.07485719738275025
 0.09237510487138909
 0.07556354941372177
 0.08618700598117938
 0.08347610436526125
 0.0987911939395414
 0.1052526484227358
 0.07818043233443975
 0.06717983328350789
 0.1122808086896415
 0.07496692604075461
 0.07754031209635484
 0.03391710482927496
 0.07248461905811435
 0.07448711297936089
 0.0821242960396016
 0.07508728254504911
 0.07739767438366658
 0.08621136815988925
 0.06864881645010341
 0.08391626779117445
 0.09632984999469303
 0.07268149695761561
 0.08750794249666784
 0.04883605225650389
 0.09825197199038763
 0.08886056493180669
 0.08846445613917431
 0.08734443313686384
 0.07581906092797429
 0.06956500557032999
 0.08612200647918013
 0.07558544833498022
 0.09566195691078086
 0.07776130142943835
 0.08675678647806249
 0.09395259442931896
 0.08605585395544019
 0.0728325476692944
 0.09782622347816622
 0.07488257474205938
 0.1049956189562206
 0.08041896542483018
 0.08253544693039502
 0.09006802984411273
 0.07716586032696093
 0.07957210566523895
 0.08092274093232454
 0.09835207166094716
 0.09554914965608072
 0.0705138993390656
 0.0775671322146175
 0.1095200894813372
 0.07401688996438507
 0.07839623715459859
 0.07719980569923716
 0.08628470316342353
 0.1279656594559657
 0.08107804881717394
 0.108279868858435
 0.06282682548084069
 0.07602946797130769
 0.08486612987523304
 0.09000488875611115
 0.07924758671404517
 0.0779757013434315
 0.07519175486713986
 0.09013689588620188
 0.0746030830462123
 0.0711230623637651
 0.08741081168825662
 0.06338966792782581
 0.08833668547098585
 0.07750677389751187
 0.0921635502788383
 0.0744968455708024
 0.07834085779463944
 0.07201999722299365
 0.05962122105425139
 0.07808796322097269
 0.1016875606945117
 0.1140327146041865


