# Created by Octave 4.0.0, Mon Jun 29 12:53:21 2020 EEST <li9i@spell>
# name: errors
# type: matrix
# rows: 43
# columns: 1
 0.808402727605493
 0.8101010430804297
 0.7925190849437007
 0.807702005692694
 0.8115004990756327
 0.7896077570540959
 0.811901576547305
 0.8078015845490775
 0.7974085841022778
 0.8098006174361678
 0.8020042144527667
 0.8074024770831454
 0.8093015816121951
 0.819403813757295
 0.8136015732531487
 0.8086024734070508
 0.7882016239516382
 0.8115029821263757
 0.7981030321957182
 0.8100024691320397
 0.8027024915870136
 0.791810614983154
 0.8160008823524649
 0.8039035825271591
 0.8001052555757903
 0.7996030265075288
 0.8110019975314486
 0.8055008938542529
 0.8086035617037562
 0.8184015640258765
 0.811600887136036
 0.8147000981956491
 0.8104004997530537
 0.8098027228899632
 0.8011063911865889
 0.8103084474445515
 0.8100041728287583
 0.8222024324945778
 0.7986138303335353
 0.8138006144013415
 0.8104007465445717
 0.8149038348173356
 0.7960033228573854


