# Created by Octave 4.0.0, Mon Jun 29 12:07:07 2020 EEST <li9i@spell>
# name: errors
# type: matrix
# rows: 70
# columns: 1
 0.09742946166330073
 0.07780520548137777
 0.101091048070536
 0.07090571204071816
 0.07910632085997409
 0.1186713529037198
 0.08845903006477358
 0.09896772201075998
 0.1039309386082853
 0.09727538229171906
 0.07685857141530074
 0.1133205188833924
 0.1021965263597584
 0.1011001978237495
 0.06571887095804231
 0.07874928571104443
 0.09392768494964696
 0.1028652030572028
 0.1118402879109335
 0.09792456280218648
 0.09735101437581438
 0.06735250552132606
 0.09638698044860393
 0.1006143627918053
 0.06445254067917548
 0.1003167483524034
 0.09452327755637643
 0.08270169284845323
 0.09267173247544913
 0.08090222493850195
 0.09619854468754001
 0.08145581624414729
 0.08065977932030741
 0.1109466538476973
 0.111086677869132
 0.1290126350401415
 0.09692822086472566
 0.1221352119579013
 0.09726839157711853
 0.1218867096938764
 0.08909618398113144
 0.1307516730294528
 0.07727075772890814
 0.08152987182622277
 0.06337144467344902
 0.09161970312111019
 0.08372890779176104
 0.09890849306302819
 0.07447764765350452
 0.06382358498236347
 0.101841543586102
 0.08323755162185412
 0.07952270116136238
 0.07873969773881304
 0.09940789707061294
 0.1078225393876467
 0.1003167483524034
 0.1125177763733376
 0.09370811064151133
 0.09766928892953583
 0.1119375718871962
 0.0969932987375972
 0.06946200400218674
 0.08511175007013304
 0.1016470855460256
 0.08091878644666894
 0.1315762896573748
 0.09796815809231864
 0.07402188865463982
 0.06489568552685755


