# Created by Octave 4.0.0, Mon Jun 29 12:57:14 2020 EEST <li9i@spell>
# name: errors
# type: matrix
# rows: 100
# columns: 1
 0.01895430294154832
 0.009395935291391194
 0.03714436834837852
 0.01384510382770664
 0.03067372817249258
 0.04881626880456833
 0.04701661514826413
 0.01797275994386993
 0.01539684707983964
 0.01850471291320177
 0.00760400552340622
 0.0586791751816616
 0.01716019813405505
 0.009840731680113846
 0.040298019802467
 0.02994235962645543
 0.02876048678308478
 0.0162849132635087
 0.02352106290115298
 0.01876892378374375
 0.02807575644573025
 0.02367679032301505
 0.03323101111913288
 0.01847680708347612
 0.04965964156133221
 0.005348831648125923
 0.02621206783144001
 0.5131009609228967
 0.03797199626040298
 0.00910430667321801
 0.01369020087507865
 0.0173686758274781
 0.02215388002134213
 0.02681034128839073
 0.05189267771082936
 0.02768939147038081
 0.03175185191449504
 0.06104758881397446
 0.004282102287428693
 0.008973410722795982
 0.02047705056886821
 0.01388137241053603
 0.0108955770843033
 0.02118542187448787
 0.02942927284184829
 0.0239282448165339
 0.06394241471824548
 0.006638290442576096
 0.01270832797814164
 0.027966274331774
 0.004848308983552918
 0.02464954563475764
 0.01445370540726581
 0.02755634954053233
 0.03562301082165909
 0.01589929558188039
 0.02661305882456875
 0.01635140360947692
 0.01425552524462075
 0.005903388857256966
 0.05550441423886905
 0.008784645695757369
 0.01585969734894146
 0.02349057044858576
 0.0164151271697789
 0.01450092755653904
 0.01903835339518619
 0.01927221056340016
 0.0151149760171829
 0.03143254523579053
 0.007899392381696554
 0.0136058112584296
 0.006063010803222937
 0.006329494450585643
 0.01566444700587938
 0.03559863620983201
 0.01583797966913749
 0.009516743140381175
 0.01838647600819682
 0.02949610143730824
 0.01776045044473851
 0.01507159248387405
 0.5045753007232914
 0.08738421825478501
 0.04353334928534655
 0.006732428982173137
 0.02040392119176958
 0.06747697681431843
 0.03373499666518488
 0.04156021655381559
 0.009406891091109116
 0.01711491746985712
 0.032987799259727
 0.01231228654637374
 0.03779799465580071
 0.01186834445068031
 0.01413541651314154
 0.02735573248882278
 0.009345956344858804
 0.02509361671820108


