# Created by Octave 4.0.0, Mon Jun 29 12:52:01 2020 EEST <li9i@spell>
# name: errors
# type: matrix
# rows: 100
# columns: 1
 0.08285022631230485
 0.08273094946874542
 0.08202615436554637
 0.08229246624084335
 0.08287852556603581
 0.0820015853505312
 0.08317030720155187
 0.08273094946874542
 0.09062361723083177
 0.09054291800025191
 0.08287852556603581
 0.08260798992833697
 0.09085592991104219
 0.08289927623327065
 0.08217177130864541
 0.08248696866778575
 0.09056075308874333
 0.08236510183324194
 0.08275457691270072
 0.09075753412251927
 0.08273094946874542
 0.08317030720155187
 0.08217177130864541
 0.08229246624084335
 0.09030171648424209
 0.08226809831277464
 0.09067706435477654
 0.08186043000131391
 0.08229277003479919
 0.08251084777167339
 0.08253538635034217
 0.08265742555874901
 0.08277831841732568
 0.08205083789944155
 0.08236510183324194
 0.08278127807662847
 0.08307304015142322
 0.08277831841732568
 0.08268119495991937
 0.08229246624084335
 0.0828552955459098
 0.08317030720155187
 0.09067706435477654
 0.08287852556603581
 0.08287544871673469
 0.08226937461777878
 0.08236510183324194
 0.09075753412251927
 0.08287852556603581
 0.08209859925723713
 0.08278127807662847
 0.08219549866020875
 0.09040005530971981
 0.09061489943712518
 0.08217250148316321
 0.08219549866020875
 0.09075753412251927
 0.09786260777232834
 0.08273094946874542
 0.08156482084820671
 0.08307304015142322
 0.08299638546346506
 0.08202615436554637
 0.09065914184460547
 0.08265742555874901
 0.08294889993242842
 0.08265742555874901
 0.08202615436554637
 0.08226809831277464
 0.08263377033634701
 0.09052518986448109
 0.08287852556603581
 0.09033825324855736
 0.08287544871673469
 0.09030171648424209
 0.09087381360986345
 0.08265742555874901
 0.09041825037015698
 0.09064132611563172
 0.08229246624084335
 0.08207411284930484
 0.09056075308874333
 0.08273487777231622
 0.08229246624084335
 0.08287544871673469
 0.08275802075932034
 0.08275457691270072
 0.09071322946516826
 0.08270743618321219
 0.08273094946874542
 0.08229246624084335
 0.08268403715349248
 0.09061489943712518
 0.09065914184460547
 0.08277831841732568
 0.08289927623327065
 0.08297577959862754
 0.09087381360986345
 0.08207466113241259
 0.09085592991104219


