# Created by Octave 4.0.0, Mon Jun 29 12:07:13 2020 EEST <li9i@spell>
# name: errors
# type: matrix
# rows: 100
# columns: 1
 0.1227058678303616
 0.1218013136218164
 0.1206479175120833
 0.1210660976491858
 0.1229026037153011
 0.1247126697653462
 0.1210033470611547
 0.1231414227626158
 0.1212181917040525
 0.1200454080754525
 0.1225058774100271
 0.1229010170828555
 0.1192184968870247
 0.1233749569402158
 0.1219561396568565
 0.1227179693443555
 0.1188010942710583
 0.1220560936618895
 0.1195327988461768
 0.1209003722078698
 0.1182108286071983
 0.1204080562088769
 0.117708325958701
 0.122719721316511
 0.1224320219550416
 0.1213001648803547
 0.1215113163454419
 0.1217000000000041
 0.1203841351673888
 0.1207451034203865
 0.123039058839058
 0.1243709371195749
 0.1255067328871268
 0.1186067451707618
 0.1201281399173478
 0.1224197696452648
 0.1222320743503994
 0.1219198507217039
 0.1251270154682866
 0.1229019934744767
 0.1230215021855983
 0.1196635700620753
 0.1226234887776455
 0.1203020365579904
 0.1227588286030873
 0.1260101583206734
 0.116920186452138
 0.1217003697611515
 0.1257529323713819
 0.1222051553740716
 0.1222391917512657
 0.1206093279974748
 0.1259025416741074
 0.1216322325701545
 0.1236970896990001
 0.119800250417109
 0.1191008396276024
 0.1219561396568561
 0.1217243196735976
 0.1220059014966078
 0.119256110954536
 0.1208953266259729
 0.1225058774100271
 0.1205599021233912
 0.1223004905959116
 0.1243057923026971
 0.1221010237467351
 0.1210506092508508
 0.1220003688519013
 0.1225026122170486
 0.1242130427934217
 0.1207398028820648
 0.1240068143289003
 0.12380197898257
 0.1253899916261322
 0.122939090609945
 0.1225367291876218
 0.1234317625248905
 0.1207219118470206
 0.1251882582353506
 0.1267246621617117
 0.1223251813814319
 0.1219689304700282
 0.121410543199518
 0.1202006655555729
 0.1247848147812912
 0.1194041875312575
 0.1209059551883258
 0.1224104570696463
 0.1209372151159495
 0.1217014790378531
 0.1202425881291759
 0.1208540442020858
 0.122498040800658
 0.1255340591234096
 0.1252252770010945
 0.1232000000000113
 0.1233648653385559
 0.1189639441175453
 0.1247000400962288


