# Created by Octave 4.0.0, Sat May 02 19:13:37 2020 EEST <li9i@spell>
# name: errors
# type: matrix
# rows: 22
# columns: 1
 0.08961107758124058
 0.04495613555327518
 0.06709749332276496
 0.06659646472680016
 0.03792506121633375
 0.03679770231639072
 0.03778109117743431
 0.0681841036503739
 0.08711822096666455
 0.02923772911886721
 0.05429801813613408
 0.04466009494086631
 0.08514148487626073
 0.08454427709135992
 0.07355011634581771
 0.06699444412528702
 0.02128597747700035
 0.03174591422554419
 0.0789674731131339
 0.02468334941533611
 0.05395152932580225
 0.0789281859695604


