# Created by Octave 4.0.0, Sat May 02 19:13:35 2020 EEST <li9i@spell>
# name: errors
# type: matrix
# rows: 23
# columns: 1
 0.01758372062813783
 0.03876534374389154
 0.06293867248696937
 0.0313506590288954
 0.06665773023404648
 0.06737042073057174
 0.02720763445833638
 0.05168284393614551
 0.02523921900101611
 0.02689552107718159
 0.03171347655014189
 0.05684392874545535
 0.05777434846909243
 0.0330441395399825
 0.0831700288458409
 0.06170309946332275
 0.06163793854721722
 0.03984251247402202
 0.03331711182240541
 0.04566460701657287
 0.05276358965154477
 0.04566460701657287
 0.06418196723443441


