# Created by Octave 4.0.0, Mon Jun 29 12:07:48 2020 EEST <li9i@spell>
# name: errors
# type: matrix
# rows: 100
# columns: 1
 0.005866856057556089
 0.006854195795282069
 0.01710263137648747
 0.02135275157912874
 0.03415054904390104
 0.00926606712689362
 0.0082292162445826
 0.01689615340839799
 0.007976214641043202
 0.03223740063963434
 0.008670063436901824
 0.007202777242145061
 0.006664082832620356
 0.02324327859833756
 0.04145129672277963
 0.005943904440686223
 0.00895377015564117
 0.01329135057095657
 0.03048097767460628
 0.007884795495124851
 0.004327817001673701
 0.006670832032058804
 0.006860029154461726
 0.01678392087684305
 0.01764766273476175
 0.003405877273184436
 0.03979158202434462
 0.003546829570189981
 0.04246469121517439
 0.01806488306079367
 0.01692601547913948
 0.05011207439330628
 0.00758023746330194
 0.004527692569063021
 0.02850017543805843
 0.004939635614095698
 0.006511528238444786
 0.006772001181330249
 0.007582216034912
 0.007286288492779272
 0.01587608264024805
 0.01502331521336094
 0.01619876538505131
 0.009323089616648754
 0.02308462691922779
 0.007657675887632854
 0.003008321791299166
 0.008521150157107435
 0.006103277807870382
 0.003224903099318073
 0.007017834423810108
 0.02469655846469253
 0.0345370815211723
 0.008075270893291749
 0.008538149682461688
 0.009470480452439133
 0.0646943583320851
 0.006660330322143219
 0.008329465769189187
 0.02441823089415049
 0.009091754506144085
 0.03783186487605301
 0.005440588203497169
 0.006612110101925391
 0.008464632301526269
 0.02014671189053018
 0.02418470591096668
 0.008504116650187953
 0.007334848328362086
 0.03639409292728946
 0.01816480112745783
 0.009633275663039708
 0.006236986451805573
 0.005220153254460872
 0.02051194773784141
 0.04777970280359568
 0.01438506169607412
 0.008709190547922402
 0.007766595135574845
 0.05180154437852361
 0.0057454329688887
 0.006220128616033548
 0.007017834423811526
 0.007580237463301846
 0.008770974860301126
 0.006592419889544918
 0.007849203781275476
 0.004101219330877441
 0.01012126474310596
 0.009402127418834984
 0.07558743281789287
 0.006229767250873593
 0.01119464157532922
 0.02261017470078423
 0.004997999599839503
 0.01042017274329608
 0.008504116650187953
 0.00545893762558563
 0.008792041856133101
 0.004951767361259362


