# Created by Octave 4.0.0, Mon Jun 29 12:07:50 2020 EEST <li9i@spell>
# name: errors
# type: matrix
# rows: 100
# columns: 1
 0.006420280367715431
 0.01096585609973513
 0.00931343116150336
 0.009144397191727251
 0.008886506625218475
 0.0009055385138147699
 0.03317604557508369
 0.03164127051810607
 0.006747592163136954
 0.008782368700987806
 0.003911521443123372
 0.008431488599290625
 0.03422396820942953
 0.008969392398601264
 0.006226556030426358
 0.009879271228185355
 0.04161249812255759
 0.01843583467055402
 0.008105553651669871
 0.02827083302628856
 0.006648308055442463
 0.009160785992483276
 0.005277309920785814
 0.008450443775332248
 0.01112205017072404
 0.02509123352886775
 0.02230627714344159
 0.006092618484692788
 0.02242899908600185
 0.0296319084771843
 0.008249242389459436
 0.006511528238444786
 0.002701851217219959
 0.02079326814139792
 0.01628004913997824
 0.007121797525909298
 0.02299239004540398
 0.04951464429843012
 0.004244997055359546
 0.00555427763080123
 0.009841239759304314
 0.02406740534415902
 0.0485807575074789
 0.006264982043075343
 0.02355865021600636
 0.007816009211868482
 0.005872818744009366
 0.005872818744009366
 0.01544020725249457
 0.01869438418349621
 0.06101753846231354
 0.01956859729260389
 0.06410382203893587
 0.04618062364238604
 0.008500588214946378
 0.007111961754681925
 0.01111620438818865
 0.00734098086089519
 0.01200000000000188
 0.007860025445253726
 0.02145972972802778
 0.03136000637755053
 0.03260383413035833
 0.005608921464950139
 0.0208892316756769
 0.06021577866307704
 0.00778203058334163
 0.03317137320039412
 0.008080841540336335
 0.006802940540683432
 0.007900632886040777
 0.01060424443324824
 0.007368174807915886
 0.01354289481610379
 0.009794386147176122
 0.004609772228650113
 0.007920227269470736
 0.02038553408670059
 0.005464430436927788
 0.01591540134586568
 0.01065129100156778
 0.03599611090103587
 0.006435060217281192
 0.005936328831864296
 0.008062257748302146
 0.02504555848848261
 0.0141410749237799
 0.02033027299374449
 0.01853672031401799
 0.04496053825301047
 0.006958448102847778
 0.0229706334261815
 0.03570686208559758
 0.007515317691227172
 0.02138410624739826
 0.03683761664385901
 0.007640026177970556
 0.01068877916321855
 0.007463243262821382
 0.01954942454396209


