# Created by Octave 4.0.0, Mon Jun 29 12:51:48 2020 EEST <li9i@spell>
# name: errors
# type: matrix
# rows: 51
# columns: 1
 0.09141575356578309
 0.09149125641283896
 0.09183082271220248
 0.09534007551916475
 0.08969503888175742
 0.09554334095058672
 0.09336471496234565
 0.09520950582793708
 0.09414101125439429
 0.09329523031752489
 0.0934850790233387
 0.09378496681238373
 0.09235198969161396
 0.08930627077646894
 0.09473721549633997
 0.09536802399127244
 0.09312083547735252
 0.08667623665111357
 0.09563184616015694
 0.08880326570571621
 0.08170171356832093
 0.09055705383900184
 0.0960569102147264
 0.1031097473568816
 0.09283733085348858
 0.09682752707778938
 0.08371959149446481
 0.1013996548317588
 0.09560967524262472
 0.0928668401529842
 0.09713753136661438
 0.09238490136380519
 0.09095850702380676
 0.09016789894413667
 0.09577191655177418
 0.09566801973491434
 0.09521113380272224
 0.08994187011620278
 0.07868805500201304
 0.09428154644467808
 0.104563712634929
 0.09204134940340658
 0.0972617602143817
 0.09256873122172515
 0.09456595581920584
 0.08924152620837406
 0.08805549386608502
 0.09466456570438603
 0.09219962038967498
 0.09467079803191683
 0.09731947389911155


