# Created by Octave 4.0.0, Mon Jun 29 12:07:22 2020 EEST <li9i@spell>
# name: errors
# type: matrix
# rows: 84
# columns: 1
 0.2458969092933166
 0.2446081969190831
 0.2451470783019876
 0.245417603280624
 0.2434821143328589
 0.243573808115735
 0.2459595291912882
 0.2443014735935919
 0.2440794952469457
 0.2442875559663356
 0.2453523996214478
 0.2470718316603612
 0.2446556968476307
 0.2439255624160796
 0.2447155287267233
 0.244271508776608
 0.2447155287267233
 0.2461444494600745
 0.2434661783492723
 0.244271508776608
 0.2458199544382103
 0.244993326439728
 0.2447925039702023
 0.2443203839224263
 0.2441639817827439
 0.2449767335891299
 0.2438726101881901
 0.2440642948077462
 0.2440449548751329
 0.2444416699337559
 0.2449844484860307
 0.2455679539353634
 0.2448305944934203
 0.2447701370674161
 0.2446637897196915
 0.2453137786590931
 0.2433196457337647
 0.2454678186646957
 0.2442169936757176
 0.2455131972013027
 0.2442641193462527
 0.2445486659133617
 0.2453758953116708
 0.2461663258855759
 0.2443320895830108
 0.2444551697142073
 0.2450841692153928
 0.2451067522529707
 0.2445706441910051
 0.2450115303409192
 0.2463731519463909
 0.245904452989378
 0.2466484340108464
 0.246218784823586
 0.2459668676875003
 0.2443638475716119
 0.2447336715697322
 0.246265324396276
 0.2451543595370088
 0.24321605621341
 0.2451297003628885
 0.2435808900550341
 0.2453487314008483
 0.2452489551455908
 0.244930296206907
 0.2448997550019257
 0.2451608655556581
 0.2447779606092012
 0.2454756199707125
 0.2438652086706934
 0.2451067522529707
 0.244785007710851
 0.2444087764381665
 0.2481900280027481
 0.2455131972013027
 0.2456974765845232
 0.243481169703123
 0.2450916563247297
 0.2437878175791522
 0.2455208341465259
 0.2448977337584093
 0.2441043424439691
 0.2457454984328373
 0.2450176320186018


