# Created by Octave 4.0.0, Thu Feb 06 15:23:33 2020 EET <li9i@spell>
# name: errors
# type: matrix
# rows: 100
# columns: 1
 0.007478142870265166
 0.004986399368340164
 0.006166339284770078
 0.006726581779477631
 0.007749725482365912
 0.003150369126957047
 0.004528099984439541
 0.00908135281358801
 0.006070858957997726
 0.01088030718719385
 0.004384240565378161
 0.01073043722208153
 0.00628290354515234
 0.009461798354060162
 0.009686944626254327
 0.00890792957226332
 0.006287363855392063
 0.005505514135492277
 0.007232304863474921
 0.007697095691032915
 0.006989383175746568
 0.005261658362005871
 0.005302045019018934
 0.008750875031326516
 0.009965772975685966
 0.01086044031812799
 0.007616677903702265
 0.004531941212674909
 0.009856052073199863
 0.006470109505624618
 0.004302277781149826
 0.003842188784727567
 0.005274622668517898
 0.006357011167925304
 0.010228581332234
 0.004108270550538024
 0.005397125726906852
 0.009729027543997324
 0.00809883521030115
 0.009276694463893015
 0.008239433446374492
 0.003712292358939084
 0.008526894644332237
 0.006029223677188351
 0.007941100397736692
 0.006299584088427397
 0.005245286438165642
 0.005762672647314392
 0.008799404754516897
 0.005446247621987588
 0.005802619939914288
 0.005773693348623419
 0.007411586590276924
 0.00662020782700154
 0.01035244489886874
 0.005189960917632612
 0.007610319644652205
 0.005558627870143986
 0.004543583144417093
 0.004611032092870394
 0.00684190217926498
 0.007719399759244811
 0.003844019942760327
 0.003491304495210078
 0.007188064522685835
 0.009368882760122616
 0.003478075926130311
 0.004071492138570576
 0.003392233678084328
 0.003987109919282261
 0.009292683404788575
 0.003058525120858234
 0.003972077774610998
 0.007110902092489535
 0.008899384720816587
 0.006033651864901754
 0.006155982516059034
 0.006407535612498055
 0.004307495515970108
 0.00900909954546516
 0.005936536717799186
 0.002835045395170886
 0.004918602131234171
 0.004505283088224131
 0.006051542585993145
 0.003412346401555709
 0.005013829688572185
 0.007851618547031515
 0.003768041363325453
 0.01120347018913059
 0.003852408545105366
 0.00400144733477859
 0.009155527692513155
 0.00538694076720125
 0.004814793588101591
 0.005317519720021771
 0.01169605775354165
 0.005723865950990573
 0.004872403196784403
 0.004800193245231479


