# Created by Octave 4.0.0, Mon Jun 29 12:53:24 2020 EEST <li9i@spell>
# name: errors
# type: matrix
# rows: 98
# columns: 1
 0.1503696099615862
 0.115513159423505
 0.1335259304404947
 0.1498741992472332
 0.09332352329396887
 0.1492136200217656
 0.1137678008049725
 0.1498548861398915
 0.1254024357817654
 0.1355360926100496
 0.1049837706505135
 0.1413504598506846
 0.1004355992663955
 0.116858472093381
 0.1253780080396873
 0.1162219518851752
 0.1127953460919375
 0.1243308312527497
 0.1288239686549044
 0.1457880999944783
 0.1100826966421152
 0.1245651030586013
 0.1152496112791691
 0.1321868752940319
 0.1369019225577192
 0.102276756401442
 0.1324114228456137
 0.1545126286100894
 0.1061616955403406
 0.1203603460447002
 0.1601117722092917
 0.1163891558522527
 0.1602171726126754
 0.1185711752492972
 0.1074847505462992
 0.1560789623876307
 0.08787545960050544
 0.1571515093786884
 0.159908376578589
 0.1029283056306668
 0.1474958470601794
 0.1292313897627042
 0.1114304038402445
 0.1627411518332076
 0.1304122022665054
 0.1463093722220148
 0.1138878676593782
 0.1665818420476834
 0.09321953926082242
 0.135216383622695
 0.1553067493703996
 0.08852988196083826
 0.1513309499078098
 0.1237647995190879
 0.1265076554995784
 0.1115173210761451
 0.1499325945216703
 0.1106816262981349
 0.09926011484982225
 0.1186800893157732
 0.1132853406226947
 0.1316208570098216
 0.1554363435622443
 0.1510260907922854
 0.1307429573629111
 0.1150668431825598
 0.1212044124609327
 0.105705623786061
 0.1160242216091095
 0.1372853291506408
 0.1461329904573211
 0.1482446184520696
 0.098489073505643
 0.1583242321945676
 0.1521547320986097
 0.1415663152024514
 0.133033422868089
 0.1112100449599763
 0.1202066225297088
 0.1020006769585378
 0.1024390628617822
 0.1587348342362189
 0.1231120729254439
 0.1194121015642879
 0.1141968896248919
 0.1584382494854069
 0.1162000537865618
 0.1482340004857177
 0.0857026493172761
 0.1012208777871441
 0.1058330104457014
 0.1014814175107935
 0.1497635219270697
 0.150208724447015
 0.1326352521013922
 0.113433696933494
 0.113433696933494
 0.1298059259047899


