# Created by Octave 4.0.0, Fri Jun 12 11:16:13 2020 EEST <li9i@spell>
# name: errors
# type: matrix
# rows: 100
# columns: 1
 0.192205710515626
 0.1532555804998015
 0.1468079341525658
 0.1589590087953401
 0.1462651618688861
 0.1954065403006907
 0.1447727961483981
 0.1650530248281048
 0.1549148693856979
 0.1538973464444516
 0.1552137623534424
 0.1362784444308001
 0.1730811162691687
 0.1101496544488087
 0.1499224555746745
 0.1444058491377925
 0.1417503974399756
 0.1530693994276451
 0.1768409601931026
 0.1442922173113312
 0.1559457018889618
 0.1714626602970898
 0.2019375016221363
 0.1679743421482205
 0.1346235773461287
 0.1431342080439098
 0.1654387759105058
 0.1746929883760547
 0.1485004984602473
 0.1661694441283696
 0.1559289944583868
 0.156563129761213
 0.1747959323187684
 0.1394425520349617
 0.1916200803691034
 0.1770703347640201
 0.1990714546178111
 0.1815710129547171
 0.1630080218611389
 0.1562347233537202
 0.1445182461876041
 0.1542760881304453
 0.1468095419706394
 0.1703508558091585
 0.1907711422638511
 0.1698723884987892
 0.1733249071376124
 0.1393027390376529
 0.1479995589508617
 0.1364499225727024
 0.1570529809375942
 0.1332051969089762
 0.1320335139839194
 0.1620851904553116
 0.1752423813735899
 0.1557987456038224
 0.155712510144934
 0.1740164151882639
 0.143634059536309
 0.1526432412936393
 0.15778419449335
 0.1614052668061965
 0.1405574665168892
 0.2014132432051396
 0.1594637104610691
 0.1617516725984763
 0.1364030470325953
 0.1547377265385781
 0.1715674047762355
 0.1706338992849114
 0.1693915826653406
 0.1649045576317364
 0.1670781350790501
 0.1527201342086968
 0.1756574890699915
 0.2088062188731042
 0.1835677122577866
 0.1488565815325139
 0.1495253396246483
 0.1786199370810697
 0.1361917446504708
 0.1434449872777298
 0.1445266946638541
 0.15539294457654
 0.1465575478671387
 0.1657019168311548
 0.1744904085858371
 0.1399446606616505
 0.1424584083785293
 0.1858122560128567
 0.1395255776107627
 0.1587046274359571
 0.1377904887778572
 0.1675771533754353
 0.1515794124558392
 0.1969808975266621
 0.1374370163757937
 0.1884457321737107
 0.1870329651892204
 0.1789277672855527


