# Created by Octave 4.0.0, Mon Jun 29 12:53:15 2020 EEST <li9i@spell>
# name: errors
# type: matrix
# rows: 99
# columns: 1
 0.02387482774807027
 0.04567042368973678
 0.2166837153548923
 0.0207692296438739
 0.04057248821553901
 0.04707278300674506
 0.02659348792467918
 0.2251430629621985
 0.04900573945978239
 0.02845852596323303
 0.04421485949316195
 0.0521947171656291
 0.03338023966361078
 0.05443159376685568
 0.05403892763554954
 0.05346351746752189
 0.05798698560884215
 0.04338523712047784
 0.03961434336197003
 0.05523273847999988
 0.01487304272837325
 0.03343184709225633
 0.1186422723990073
 0.03093342043809623
 0.05268851962240076
 0.02497325169055867
 0.06536159422780456
 0.04713541449907956
 0.2194716150211698
 0.04056257511549376
 0.05338751352142274
 0.05162481767522299
 0.01668816646609288
 0.03618886154606245
 0.03801286624289276
 0.05211859648916118
 0.04625185509793091
 0.05328027026958616
 0.03945245239525795
 0.04852278021713089
 0.02880257106579092
 0.05477758665731848
 0.04020235067754113
 0.04934081474803641
 0.03410003665687186
 0.02125421605235021
 0.04388985531988002
 0.04832164939238009
 0.05739233833884114
 0.01751905533983072
 0.05482400933897507
 0.02305978750986364
 0.05028280918962278
 0.04969378331340966
 0.05009142940663643
 0.03338023966361078
 0.04784702707588077
 0.04308635630916152
 0.04036353056906832
 0.0383072225565898
 0.03850842115693754
 0.03511194810887056
 0.05577949533654949
 0.051299607210973
 0.06346054601088905
 0.03083445151125652
 0.01407140717910011
 0.03724849124461392
 0.05372362794897694
 0.0571072928792815
 0.05276849438822405
 0.0518921593306744
 0.05190055491032834
 0.05120211909677231
 0.03331013659533816
 0.05720737365060653
 0.04933401463493502
 0.03199361186237155
 0.02340449743105069
 0.04094792424531539
 0.03975494937740509
 0.0529009574582546
 0.04056913235453907
 0.04735871725458786
 0.03836111572934251
 0.04113559286068495
 0.04498355477282782
 0.2356979019847239
 0.05196407990140994
 0.0447895624001844
 0.03867138735551252
 0.04823445345393829
 0.05211870009890959
 0.05399612671294123
 0.04532000992939021
 0.03425038539929273
 0.04538773402583659
 0.04137177419449257
 0.03334028344210794


