# Created by Octave 4.0.0, Wed Mar 18 16:02:08 2020 EET <li9i@spell>
# name: errors
# type: matrix
# rows: 9
# columns: 1
 0.04711724738309761
 0.04086984839020096
 0.04664209951798132
 0.02493487378476732
 0.04698188054427622
 0.04064100529256248
 0.04074292941602668
 0.04663245627639121
 0.04050641270377246


