# Created by Octave 4.0.0, Mon Jun 29 12:53:20 2020 EEST <li9i@spell>
# name: errors
# type: matrix
# rows: 74
# columns: 1
 0.8074017896933342
 0.8030015940208346
 0.807201393705437
 0.8061003969729832
 0.7987064103912027
 0.8093006178176319
 0.8071017903585646
 0.8079010459208479
 0.8060032816310357
 0.8026014016932689
 0.8185002199144484
 0.80860089042741
 0.8085006184289538
 0.808201583764842
 0.7976056419058223
 0.8108013875173135
 0.8018022511816739
 0.8095020012328566
 0.8068032783770783
 0.80860089042741
 0.8080006188116441
 0.8075003962847317
 0.8089015823942979
 0.8070029987552715
 0.80860089042741
 0.805302738105367
 0.808901211520912
 0.8094010439825242
 0.801802494383748
 0.8069005019207764
 0.7985076705955936
 0.802501800621033
 0.8103015796603137
 0.8082029943027921
 0.8098012101744468
 0.8069008923033864
 0.8102012095769792
 0.8106007463603777
 0.8093007475592745
 0.7975072476159694
 0.7997049018231659
 0.8097007471899721
 0.8067007499686603
 0.8097024700468679
 0.8220001520681116
 0.813300153694809
 0.809800500123332
 0.8068010473468669
 0.8089006181231407
 0.8087022319741674
 0.8093027245722089
 0.8093008896572403
 0.8128007443402097
 0.06270773477012273
 0.7979076763636257
 0.8080027289557875
 0.8088006181995656
 0.807802729631437
 0.8101015800503047
 0.8076029965273787
 0.8073007494112708
 0.8072006194249357
 0.8066015869064475
 0.8003035986424152
 0.8086022322501963
 0.8095007473745777
 0.8076022350142434
 0.8083005010514336
 0.8099008889981546
 0.8093008896572403
 0.8087022319741674
 0.8084013916366058
 0.7985064119967986
 0.8093010441115226


