# Created by Octave 4.0.0, Mon Jun 29 12:07:08 2020 EEST <li9i@spell>
# name: errors
# type: matrix
# rows: 69
# columns: 1
 0.1116817800717728
 0.1187013058057915
 0.1134100965522919
 0.1103279203103205
 0.1134936121550495
 0.1114407914544843
 0.1113849181891401
 0.1121963457515457
 0.1181321294144873
 0.1105240697766836
 0.1100248153827134
 0.1100894182017529
 0.09837814798013043
 0.1078352910692998
 0.1069018241191433
 0.1104837092063819
 0.1061435348949744
 0.1070547990516985
 0.1040649797001915
 0.1115858862043076
 0.1106437978379302
 0.1074834405850512
 0.1080671087796891
 0.105287653597184
 0.1167203923913957
 0.1169088961542313
 0.1058108217527933
 0.1076718161823316
 0.1018458148379279
 0.1081029601814908
 0.09918775125992528
 0.1073067565440325
 0.1128337272272868
 0.1133253722694103
 0.1067681600478401
 0.1060089147194751
 0.1173409561917803
 0.1160884576519184
 0.1052124042116753
 0.101390334845095
 0.1094433643488714
 0.1053440078979349
 0.1151993923595169
 0.1081959795925953
 0.110354021222613
 0.111312622824194
 0.1108686159379713
 0.1157737448647226
 0.1111896577924424
 0.1089896325344775
 0.1059049101789014
 0.1008353608611684
 0.11268096556207
 0.1093890762370754
 0.1106223304762724
 0.1103074340196528
 0.1065181674645283
 0.1123705032470792
 0.1143223950064036
 0.1059949055379624
 0.1030842859023681
 0.1112640552919104
 0.1177675676916242
 0.1091304265546585
 0.1121963457515457
 0.107334616969552
 0.1027844832647489
 0.1043127029656526
 0.1016366567730362


