# Created by Octave 4.0.0, Tue Mar 10 11:46:27 2020 EET <li9i@spell>
# name: errors
# type: matrix
# rows: 100
# columns: 1
 0.01690177404688682
 0.06530857025739263
 0.07183565621901725
 0.01674173006785384
 0.04162284591202359
 0.04399858525888804
 0.05527312997519106
 0.07272400019350515
 0.03125917236445486
 0.07195837108070186
 0.04068547463146765
 0.07270595588038146
 0.06482548779779168
 0.003828777231964359
 0.05486798652146352
 0.06802453550487
 0.01735265820818252
 0.042092544644116
 0.031619322347912
 0.03533406694175118
 0.03089219648873988
 0.06955319423177488
 0.07221008739238374
 0.0415376633262648
 0.0472355968049351
 0.01788230804409219
 0.02361868668423769
 0.02876319544961655
 0.03177624336787496
 0.02909810075109719
 0.07194097921753237
 0.02551916009684128
 0.03514505633370029
 0.03286652414113782
 0.007220831443816932
 0.04001185177735474
 0.03055251230973776
 0.06343472018896641
 0.03119249746821759
 0.03833212142647478
 0.0355082170675015
 0.02428894863440156
 0.05858492516865762
 0.05090726775362228
 0.07166570630460399
 0.01983231820697777
 0.05328600697407299
 0.0723046726766484
 0.0717478378058681
 0.05239641622106355
 0.02426297022692616
 0.09820130061740812
 0.02982932652437216
 0.07048217810455529
 0.03354062551705828
 0.01706297376392259
 0.03547531137091334
 0.06008562395627033
 0.06360192669337855
 0.02908643579744186
 0.03652741191825242
 0.0327465856356904
 0.07245502998740087
 0.01284313618140198
 0.07204709216008744
 0.0658346034919213
 0.02943541738124686
 0.005269335307647513
 0.02402919694966179
 0.01391986384968801
 0.006846458928162939
 0.02891373129295943
 0.0383032138108803
 0.05613450140686106
 0.04994060881874853
 0.01843787019644416
 0.006031419069296056
 0.04245037022388454
 0.05669578206724141
 0.04114537306087122
 0.01549450010337925
 0.01517788172247993
 0.03558751575894947
 0.04905675092843424
 0.07478073149878532
 0.01639327473150351
 0.04366498011127936
 0.04910302280865888
 0.07029972336281518
 0.07001914607078123
 0.07230264740955945
 0.07173888778817793
 0.0721510799081244
 0.02492156778403401
 0.03473480555345997
 0.04459274621264226
 0.07116453291202005
 0.0648853403157027
 0.07388749842222868
 0.04412956205536989


