# Created by Octave 4.0.0, Mon Jun 29 12:53:39 2020 EEST <li9i@spell>
# name: errors
# type: matrix
# rows: 100
# columns: 1
 0.0691635923011534
 0.06904717590169847
 0.05679893396886911
 0.05953032504530727
 0.06929179532960604
 0.0445825122665834
 0.07896177872869968
 0.01422482337324506
 0.02757013783063096
 0.04639452122826563
 0.0451628398132807
 0.06225688797233617
 0.04666595011354702
 0.06131345366230834
 0.06925519836084516
 0.06846805167375539
 0.04288070545128641
 0.06904717590169847
 0.05199808554168128
 0.05041887047525023
 0.06926011045327668
 0.06629530978885345
 0.06549360655819721
 0.07313694346908424
 0.04829966977112866
 0.06378212915856665
 0.06399284413119911
 0.05787633713358269
 0.04835916045590533
 0.04574330661419274
 0.07314382338926462
 0.06399284413119911
 0.06548070326439671
 0.07725924475426828
 0.06565427328057187
 0.05092402576387717
 0.06595700796731165
 0.06603582663978752
 0.07661769312632725
 0.07175960144816905
 0.06722026554544377
 0.0560706063815977
 0.05833570176144269
 0.08027004484862385
 0.06268682556965272
 0.05679893396886911
 0.05332800015001581
 0.007005883241961547
 0.02757013783063096
 0.0913359190023289
 0.07222795926786162
 0.04639452122826563
 0.0675053694160702
 0.0708558543805663
 0.06511113576032879
 0.06268682556965272
 0.05916547050434137
 0.0691635923011534
 0.05703607717927442
 0.04278703074530831
 0.0513138149039821
 0.06846805167375539
 0.06740860553371621
 0.04709524922961967
 0.03300575707357752
 0.05620998576765489
 0.06548070326439671
 0.0691836982243654
 0.06134989812542518
 0.05703607717927442
 0.0700670314770077
 0.06940337815985695
 0.04667693327544124
 0.06629530978885345
 0.06925519836084516
 0.0771609072004722
 0.04709524922961967
 0.06511113576032879
 0.08391089083068969
 0.0513138149039821
 0.07414517920944007
 0.08163548554397171
 0.06956904843391168
 0.06740860553371621
 0.05106437211990393
 0.07552299583570481
 0.06579547780812983
 0.04759046648226924
 0.06929179532960604
 0.05932158881891247
 0.07816655550809438
 0.06956904843391168
 0.04847333700087214
 0.0691836982243654
 0.06846805167375539
 0.06198800206491525
 0.05302931359163544
 0.0562694410848371
 0.05136902179329491
 0.06914852420695702


