# Created by Octave 4.0.0, Thu Feb 06 14:00:16 2020 EET <li9i@spell>
# name: errors
# type: matrix
# rows: 99
# columns: 1
 0.00396532623940138
 0.003954956067626174
 0.004259835334740667
 0.004144376683991866
 0.005085151455841897
 0.004263604211644005
 0.005075030067994766
 0.004153154444348277
 0.003633087775007271
 0.004210314728209472
 0.005433737303166628
 0.004159959629622606
 0.004398929637156467
 0.004133295548743571
 0.005385981412474695
 0.004740339961852103
 0.00473187665103688
 0.005240747358503011
 0.005320526290716373
 0.00411843478437653
 0.003994626085855746
 0.005617709971726829
 0.004268134662183645
 0.00409637922389088
 0.004184525366157798
 0.005319203464468352
 0.00413178524774926
 0.004195011894631891
 0.005612530723811342
 0.003982757574952418
 0.005061633339800302
 0.004229862425716529
 0.004120858072477813
 0.004274352209434022
 0.005666495922283942
 0.004160308099429278
 0.004132998094059978
 0.005164781401802721
 0.005169079651578112
 0.004191292860204737
 0.005248659008014455
 0.004045354526471592
 0.004684305749765638
 0.004684305749765638
 0.004061066290026205
 0.004061077872307696
 0.005301689534757433
 0.004178879280276496
 0.004955249051361857
 0.00536807344124095
 0.004246553956944132
 0.004021370215074991
 0.005493212236220679
 0.004052320134404286
 0.005328578680295818
 0.004206025858334991
 0.004180528580889031
 0.005595553999868038
 0.004144206839106298
 0.004186434196170727
 0.004327135354096767
 0.004326538993745249
 0.00419938299708881
 0.004049926637067314
 0.00453880832985563
 0.004267354791476975
 0.00413620546758558
 0.004132698026309618
 0.004354343069912558
 0.004089183169627189
 0.004700923217234993
 0.005336640732183072
 0.004169093152686692
 0.004868846048875217
 0.004239052933156398
 0.004858167737642904
 0.004233336354481618
 0.004038004596897358
 0.004142303568518882
 0.004100120974489146
 0.00474049453467663
 0.004181353260179538
 0.0040597345278512
 0.005154176727550509
 0.00411225182423912
 0.004209826591445139
 0.004257572438459957
 0.005202297146171327
 0.004238826714818869
 0.005089060617997172
 0.00413384343022348
 0.00424585438981671
 0.004143148634408186
 0.004277231954554429
 0.004262163774368819
 0.004790309610585296
 0.005113742303538948
 0.003618570821589691
 0.004058588567273402


