# Created by Octave 4.0.0, Mon Jun 29 12:57:16 2020 EEST <li9i@spell>
# name: errors
# type: matrix
# rows: 100
# columns: 1
 0.03527709738626452
 0.04338117679362866
 0.04181728829084914
 0.04152820366931387
 0.0441962543661796
 0.04369551464395451
 0.03418247065383145
 0.04267502431165184
 0.04451773803777638
 0.03888097349604244
 0.04276740932065002
 0.04209456615764144
 0.041013647728531
 0.04046688152057316
 0.04127962330254612
 0.04176099615670156
 0.0441962543661796
 0.04118816941793031
 0.03418680593445435
 0.04253721664613345
 0.03429217549237715
 0.0474971630731777
 0.04309712287380633
 0.0417442594855879
 0.04184945399882834
 0.03473194494985903
 0.03308708811606156
 0.04308547783186461
 0.0434620903777076
 0.04432063402073561
 0.04160722293064081
 0.04152274196148434
 0.04421175070046476
 0.04269831378403548
 0.04096933121250684
 0.04154554248051147
 0.04189909426228759
 0.0412126679553755
 0.04168431959382361
 0.04322843971276336
 0.04326702670625721
 0.03512701666808583
 0.04171847672195168
 0.04172779049985835
 0.03396752713990239
 0.04314919350347182
 0.1144808075617921
 0.04340791172125273
 0.04259623105393357
 0.04096933121250684
 0.04175802318118131
 0.03463200975975792
 0.0426973406666035
 0.04369551464395451
 0.03271076275478734
 0.04041562321677063
 0.04330177132635608
 0.04298799483576851
 0.04269996018733595
 0.044060923730671
 0.0405829249808353
 0.04109730161458398
 0.04287683290542748
 0.04157852931502039
 0.04038040242493944
 0.04087530428021342
 0.04317653297799764
 0.04390582307621708
 0.04167118188868659
 0.04376074610881302
 0.04154265879791508
 0.04233320209953505
 0.04127962330254612
 0.04313297114737302
 0.04380636711712194
 0.05038435669927852
 0.04265451910407601
 0.04186243423404934
 0.04167708842997552
 0.04338951140540846
 0.0418294836210065
 0.04497359781027226
 0.04131371927096431
 0.04091732273744295
 0.04314919350347182
 0.04167708842997552
 0.04044100147128003
 0.04187093622072535
 0.0420953892962163
 0.04407344098207
 0.04051007899276507
 0.04472320762199454
 0.04370499742592472
 0.03458707272956172
 0.04178559799739698
 0.04380636711712194
 0.04392946733116657
 0.04116634669241477
 0.04313500318766692
 0.04024212345292


