# Created by Octave 4.0.0, Mon Jun 29 12:53:45 2020 EEST <li9i@spell>
# name: errors
# type: matrix
# rows: 100
# columns: 1
 0.1132668218014438
 0.1259823344798792
 0.1259249859400436
 0.1130570356988023
 0.1132318390559833
 0.1259234272246439
 0.1128048429634118
 0.1257663663305893
 0.1128317833945746
 0.1128223057245336
 0.1131410928884815
 0.1130071849972382
 0.1259265447632078
 0.1259249859400436
 0.1259234272246439
 0.125708062195709
 0.106002556577661
 0.1129875147969905
 0.1259257653381554
 0.1059644148948133
 0.1258141000206258
 0.1130858321320591
 0.1130454934130512
 0.1259138280293323
 0.1259257653381554
 0.1260582489010538
 0.1257771348695791
 0.1130641289755517
 0.1257157285664771
 0.1132544008151564
 0.1130330222368673
 0.1259130486685168
 0.1132353422258271
 0.1257744172278301
 0.1132197470585419
 0.1257183558594371
 0.1259465223815251
 0.1130601765609809
 0.1129875147969905
 0.1257744172278301
 0.1130074909021522
 0.1259265447632078
 0.1132068546334555
 0.1129911641722491
 0.1130595686176105
 0.1131407602988419
 0.1257827591564127
 0.1131712855630804
 0.1128290548085918
 0.1130817070263806
 0.1103669105484074
 0.1128726292818603
 0.1259310783563775
 0.1257675311397977
 0.1259823344798792
 0.1257771348695791
 0.1259430154514335
 0.1132929293645465
 0.1257663663305893
 0.1257906213713892
 0.1130601765609809
 0.1130297522071082
 0.1128729324683303
 0.1131384323914734
 0.1257712146120892
 0.1259823344798792
 0.1261216881626643
 0.1131417580913431
 0.1259179725694477
 0.1259273242152003
 0.1259196740942426
 0.1129380861357245
 0.1033142282989138
 0.1130182351481402
 0.1130071849972382
 0.113216087854157
 0.1257906213713892
 0.1257731545283023
 0.1259257653381554
 0.1260578589735683
 0.1259353644732094
 0.1257731545283023
 0.1259234272246439
 0.1257727665315517
 0.1259210893536114
 0.1132925987035346
 0.1128659612150637
 0.1257102174884765
 0.1130071849972382
 0.1130360668105551
 0.1128362116698371
 0.1257767466147869
 0.1257161163256332
 0.1257202940061789
 0.1258881233516501
 0.1131384323914734
 0.1128311769857968
 0.1259226479073569
 0.1257719905583123
 0.1257114636618322


