# Created by Octave 4.0.0, Mon Jun 29 12:53:33 2020 EEST <li9i@spell>
# name: errors
# type: matrix
# rows: 100
# columns: 1
 0.06953221124054657
 0.05864912616569826
 0.07386015231503369
 0.06834321912230791
 0.06940384427393104
 0.05965427478395827
 0.07271841651191034
 0.0731384686741523
 0.07124592339214821
 0.06804123749609432
 0.07188713375841289
 0.06889540187850045
 0.06251769669461556
 0.06596030321337221
 0.06512601707459173
 0.06011965152926333
 0.07113811987956957
 0.06491760084907605
 0.05991663875752758
 0.06910979380666621
 0.0772556671060446
 0.07002809150619328
 0.07691101936653612
 0.0579914864441326
 0.06812446330063827
 0.06657831779190591
 0.066329864314651
 0.06860144021811806
 0.05156242430297477
 0.05785622265582162
 0.06562762832831975
 0.06871246247952441
 0.07970231113336601
 0.07599240488364627
 0.06102706366850714
 0.05980802621722305
 0.06686374204305241
 0.07582359856931024
 0.06532725005692387
 0.0692023417233833
 0.06665195871090332
 0.07197778546190445
 0.06754968541747655
 0.06540896651071612
 0.07294698348800902
 0.06123603922527936
 0.06758414089118826
 0.06453439470545894
 0.05854240855994934
 0.05774365766038614
 0.07531803502481921
 0.06898772644463444
 0.05927617059156245
 0.05927617059156245
 0.06384715811999778
 0.06409200340135926
 0.07385831300537529
 0.06508266205372895
 0.08015155956062213
 0.06886838244070984
 0.06859314032758657
 0.0765562936668172
 0.07194037044663962
 0.06522670925318909
 0.07491336663106236
 0.07227398494617597
 0.06226097413307936
 0.05870794239283115
 0.06349061426699151
 0.04889989775040333
 0.06735160057489345
 0.0715109194459132
 0.06662559268029074
 0.0656281715424106
 0.07290730347502943
 0.07803261113150153
 0.08341802023543848
 0.06498526679178881
 0.06846587763258334
 0.07064248296881885
 0.06859961807473838
 0.0724862918074867
 0.06909173322474889
 0.06475845041382682
 0.05931111953082489
 0.06870078893287784
 0.07805741476631024
 0.07821438486621225
 0.06225906279410215
 0.06427925404047467
 0.05188358218165003
 0.06815865022137675
 0.06564381235120291
 0.06635653773367044
 0.07640571248277107
 0.07241985639311874
 0.07080924798357917
 0.07657828412807342
 0.06909739503049264
 0.06550593560891856


