# Created by Octave 4.0.0, Mon Jun 29 12:07:23 2020 EEST <li9i@spell>
# name: errors
# type: matrix
# rows: 65
# columns: 1
 0.2451838901722561
 0.2427682022012052
 0.2453554360514674
 0.2453004076637485
 0.2447155287267233
 0.2453611419927865
 0.2457279186417415
 0.2455532936044648
 0.2425687737529309
 0.2445785967741317
 0.2460634471025725
 0.2446852876656048
 0.2471161670146332
 0.2461058715268692
 0.2438216561341519
 0.2461499542961601
 0.2457987794924995
 0.2449622215771338
 0.243852106818871
 0.2460151418104251
 0.2449226000188694
 0.2449974897830576
 0.2470813833537562
 0.2472442719255613
 0.2448936503872681
 0.245807282235496
 0.2435808900550341
 0.242529750752368
 0.2438631788524139
 0.2448637988760359
 0.245382660349108
 0.2450546265631386
 0.2458814755120847
 0.2452614115591825
 0.2449226000188694
 0.2489415192369596
 0.2451586017255048
 0.2456696358934135
 0.2429751016050826
 0.2432807637278372
 0.2446411453537601
 0.2452666304249306
 0.2467298117374577
 0.2462464619035197
 0.2434900408641074
 0.2465454319187429
 0.2464802831871166
 0.2445275035655538
 0.2453291054889386
 0.2436187595403989
 0.2440651757215796
 0.245632001172498
 0.2462882863637754
 0.2465843871781086
 0.2475921242689384
 0.244785947309072
 0.243718464626717
 0.244220637948557
 0.244638938029098
 0.2437972313214498
 0.2465017038480735
 0.2460587328261358
 0.2455518682478355
 0.2450146526230719
 0.2451502600447419


