# Created by Octave 4.0.0, Thu Feb 06 11:33:42 2020 EET <li9i@spell>
# name: errors
# type: matrix
# rows: 99
# columns: 1
 0.00723633879423696
 0.0108293357825949
 0.005842696228942505
 0.005705583707673676
 0.00494048024034147
 0.00516048842863752
 0.005410950156814876
 0.003864539299011595
 0.008094968129324561
 0.004449729327828843
 0.007207562475877192
 0.008749009435913266
 0.006601747140903062
 0.006934283762762676
 0.004064882313806146
 0.00456653443780481
 0.003757707433201361
 0.003681748403173076
 0.008621765733105642
 0.007195444503331225
 0.007677781387875826
 0.006477251284492427
 0.008549417429594209
 0.004678457469104394
 0.006594862502290321
 0.005360408670088945
 0.01116129550851582
 0.008990996711263735
 0.005984328882417816
 0.004174582344204667
 0.006763650677157091
 0.005554218328099649
 0.004568819680827433
 0.007066622726001408
 0.003818264279604665
 0.007239954780080105
 0.004249391941867172
 0.004800079871044268
 0.005110543860742606
 0.003161154198249144
 0.003937728212951812
 0.006936415504768124
 0.006260862711659335
 0.008793941393848736
 0.004645037982652795
 0.004027386022705632
 0.003694547671584013
 0.007611071262312562
 0.007611071262312562
 0.007011012252055117
 0.004735889197311572
 0.007812663333451843
 0.005809051604700123
 0.004833174586967963
 0.005021581547185146
 0.00272348765579133
 0.006397796433928908
 0.002865883758963877
 0.004749525622612345
 0.003487445988343809
 0.007731280227336971
 0.006493611531837925
 0.00586914699894694
 0.006336690613215092
 0.005127177926549654
 0.006045944576792082
 0.003605413265475609
 0.003600766386772029
 0.006805674331125393
 0.005729442906420627
 0.005141305809679998
 0.004941173098434136
 0.004288799911470373
 0.00369527637472386
 0.006769796122702084
 0.004929840300933284
 0.006120571974906277
 0.005469556471218288
 0.004713472706492022
 0.005132470761018111
 0.003971890430212515
 0.007578814479562119
 0.005922579698953011
 0.004496297707740023
 0.006433577842223732
 0.004759774130357297
 0.007105505571296467
 0.00672782782527985
 0.004313189396222938
 0.01150976476431148
 0.007708368222331011
 0.005377178611503687
 0.005921485877022111
 0.005629618397160892
 0.004250769027099327
 0.005778929474578098
 0.004589076532647994
 0.006158670087833277
 0.007713862843350162


