image: csal_fmt_0.05.pgm
resolution: 0.050000
origin: [-15.400000, -15.400000, 0.000000]
#origin: [0.0,0.0,0.0]
negate: 0
occupied_thresh: 0.65
free_thresh: 0.196

