# Created by Octave 4.0.0, Mon Jun 29 12:07:29 2020 EEST <li9i@spell>
# name: errors
# type: matrix
# rows: 100
# columns: 1
 0.2962182472434884
 0.251157719371714
 0.2644775226744309
 0.2530864871936095
 0.2602161024994429
 0.2607845279152918
 0.2825198223134068
 0.2659612189775035
 0.2609461630298462
 0.2776070063957313
 0.2624306384552008
 0.2416153968603826
 0.251947395303068
 0.2507933412194255
 0.293092084505876
 0.2717817506750669
 0.281848505406723
 0.2684457673348568
 0.2669925092582161
 0.2614387308720786
 0.2865666065681849
 0.2515270561987374
 0.262172710250323
 0.2831424023349377
 0.2726598797036334
 0.2697180194202844
 0.2852621601264336
 0.2642228794029838
 0.2817653278882951
 0.2926731453345205
 0.2905974879450925
 0.2780787118784865
 0.2682745235761327
 0.2784013828988728
 0.2719477339490105
 0.304865216120178
 0.2482711421007251
 0.2888685687297998
 0.287900277874131
 0.2846686846142455
 0.2931169050055008
 0.2847905370618971
 0.2517152756588272
 0.2731689953124229
 0.2804385494185828
 0.2537858349081012
 0.2675614508855835
 0.2699425864883123
 0.2697962564603132
 0.2696412802224533
 0.2868906586140467
 0.2704343358377477
 0.2585039458112747
 0.2985860010114301
 0.2596468755829811
 0.2776727750428586
 0.2732199480272319
 0.2659618957670525
 0.2827412244438363
 0.267993171554806
 0.2794500313115079
 0.2715755880045196
 0.2753093714351161
 0.2825046902265525
 0.251583187037605
 0.2749596515854646
 0.273980327760963
 0.2426571655649178
 0.2462877382250288
 0.3061774812098478
 0.2718410197155735
 0.2800454427409939
 0.2888500822226039
 0.2801166185716238
 0.2612622437322424
 0.2601056900569486
 0.2706704638485666
 0.3012957683074937
 0.2885801275209393
 0.2836959640178214
 0.2803395262891093
 0.2770952363358203
 0.2938441763928613
 0.2400203324720627
 0.2446480737712836
 0.2664792862494154
 0.2691248780770708
 0.271119198877538
 0.265287843671748
 0.2578647125916979
 0.2834696809184406
 0.2907531255206071
 0.2537019116995418
 0.2884641398857143
 0.2509925895320503
 0.2671354899671645
 0.2706031226723022
 0.2633743533451985
 0.2897551034925869
 0.2784385928710315


