# Created by Octave 4.0.0, Mon Jun 29 12:07:12 2020 EEST <li9i@spell>
# name: errors
# type: matrix
# rows: 100
# columns: 1
 0.1207014912915323
 0.1228010179111028
 0.1221104827604936
 0.1228162855650788
 0.1219623712462276
 0.1214026358857255
 0.1232003652592101
 0.1218001642035092
 0.1225147338078181
 0.1207050123234318
 0.1216010279561822
 0.1221393466496395
 0.1224026143511638
 0.1215080655759232
 0.1209050040320973
 0.1219069317143313
 0.122310465619269
 0.1223118146378444
 0.1224049427106592
 0.1218105085778801
 0.1230003658531191
 0.1219026250742889
 0.1230068697268618
 0.1237010105051687
 0.1218026272294725
 0.1230586851871949
 0.121600657892958
 0.1216370009495474
 0.1209081056009126
 0.1216322325701549
 0.1214001647445424
 0.1197060148864797
 0.122200163666018
 0.1211041287487881
 0.1205182973660086
 0.1228470593868775
 0.1209218756057042
 0.1230683143623947
 0.1209010339079094
 0.1211003715931668
 0.1218236430254891
 0.1221163789178207
 0.1228527573968246
 0.1227104315044252
 0.1212300705270783
 0.1232000000000113
 0.1222147699748339
 0.1208081123103934
 0.121904962983476
 0.1239090795704717
 0.1206050164794253
 0.1224049427106592
 0.1216041117725885
 0.1209391582573675
 0.1222104741828686
 0.1231058487643946
 0.1207093202698111
 0.1215625764781363
 0.1213003709804765
 0.1226789305463708
 0.1213370924326161
 0.1219069317143313
 0.1224010212375686
 0.1229342100474897
 0.1209450288354239
 0.1214199324658105
 0.1224040848991558
 0.1225049386759594
 0.1211119316995772
 0.1207149535061826
 0.1228179547134823
 0.1220147941849673
 0.1215395408910317
 0.1220080325224531
 0.1210020247764567
 0.1230296305773576
 0.1227019967237786
 0.120800662249843
 0.1220020081801934
 0.1216795792234675
 0.1203239377680107
 0.1219298978922014
 0.1221003685498155
 0.1231617635469786
 0.1218345189180874
 0.1222216429279267
 0.1205348912141279
 0.1229000000000013
 0.1234253215511344
 0.1204050248120937
 0.1213001648803547
 0.120542482138048
 0.1217020131304368
 0.121739475931191
 0.1228010179111028
 0.1224010212375686
 0.1223529729920869
 0.1223276338363594
 0.121304121941512
 0.1204878417102778


