# Created by Octave 4.0.0, Mon Jun 29 12:52:23 2020 EEST <li9i@spell>
# name: errors
# type: matrix
# rows: 100
# columns: 1
 0.2339646340795974
 0.2037595151152454
 0.2515438729128566
 0.2814438842824632
 0.212417890018708
 0.1822323791207263
 0.1573630833454904
 0.2323102451464416
 0.1836777885319834
 0.2694730042137798
 0.2830786639787609
 0.2491660490516319
 0.1802328771340017
 0.2070691671881644
 0.2133170644838328
 0.2114356876215553
 0.2243230705923919
 0.2455369015036213
 0.1782916711459044
 0.2130893709221558
 0.2429578564278158
 0.2023978754829192
 0.2263421525036821
 0.1762440637298172
 0.2058662915583785
 0.2706571632157539
 0.2588763411360723
 0.2639483472196795
 0.2694884969715771
 0.2073971311276993
 0.1866238194872225
 0.1922412026595745
 0.2355208695636118
 0.1909613573475015
 0.206578435467016
 0.2640966679077936
 0.2582211455322755
 0.2076541596019686
 0.2414887367973917
 0.2612507799031432
 0.1893746023098113
 0.2620513308495105
 0.2636586619096725
 0.1796143090068271
 0.2126123702892184
 0.2411811974429187
 0.2627919329051034
 0.2485189127611835
 0.2208767303271212
 0.2000434452812675
 0.2077445065459007
 0.2391606363931978
 0.2730236070379257
 0.2059775958690658
 0.1814039690855736
 0.1796130563182969
 0.1775609472828975
 0.2076616719570555
 0.2607703395710491
 0.2054272864056758
 0.1770075987069474
 0.2268166880985612
 0.2092114958600505
 0.2554990802331761
 0.2846870035670739
 0.2637350564487029
 0.2332845687138349
 0.1801213202261192
 0.2865220584876474
 0.1835709399659986
 0.2150241381798786
 0.2530408860243749
 0.2097503754466226
 0.2095745213521899
 0.1880417506831936
 0.2697955707568229
 0.1831734151016458
 0.2712400044241252
 0.1855242571740955
 0.26295265733588
 0.2564257787352909
 0.2619858011419698
 0.1602428469542398
 0.2712835417049845
 0.26814123144343
 0.2063651617885152
 0.2537124356431888
 0.2515146317811342
 0.3018765973042611
 0.1875727059036043
 0.2287602238152416
 0.2082401018055828
 0.2522132629343651
 0.1774116681619328
 0.2288850366450368
 0.2233218529387575
 0.2114385962874325
 0.2077995428291403
 0.2083540256390556
 0.2416074709109805


