# Created by Octave 4.0.0, Mon Jun 29 12:53:14 2020 EEST <li9i@spell>
# name: errors
# type: matrix
# rows: 100
# columns: 1
 0.05150402023143479
 0.05213860086346903
 0.05442963622880465
 0.05963246515112494
 0.05279184974974822
 0.05358800238859569
 0.1200047219904294
 0.05169081349717753
 0.04951302555893804
 0.1044660006892208
 0.05422844364353439
 0.1115843488129061
 0.05360283294752394
 0.05420774575648756
 0.05034902580984053
 0.05419433180693379
 0.04960665781929015
 0.04885298762614285
 0.04844462921728308
 0.05452382690164066
 0.05337887409828024
 0.05442779069556318
 0.06006771595457971
 0.05325680144357202
 0.04886259100784599
 0.05312099773159513
 0.06626620933779191
 0.05093501938745068
 0.1140923503132447
 0.03795140181864245
 0.05290285909097919
 0.06641331944723149
 0.1175559271155657
 0.05476919206999613
 0.05297000094393065
 0.0595368667297841
 0.054558098390615
 0.05458077317151301
 0.1286556535873973
 0.06581581041056939
 0.05407213330357909
 0.109301188465634
 0.1033777659847615
 0.05378170413811877
 0.05361434602790705
 0.05575418280272817
 0.06524332992728113
 0.1106422726628486
 0.1143383417756275
 0.05480294243925269
 0.1049108330917266
 0.04387432278679648
 0.05360900110988804
 0.05333866327533957
 0.05069573256202226
 0.05780012802754105
 0.05324597261765496
 0.04862920213205257
 0.05082214084432108
 0.0521832818055743
 0.05361445327521326
 0.05324490022527986
 0.05313690713619056
 0.05283523918749729
 0.1091409089205326
 0.09370059765017615
 0.05455358100070067
 0.05347834795503684
 0.04096989138379604
 0.05443405184257408
 0.05278200450911265
 0.1046128452915802
 0.05080241332850387
 0.05446897924507146
 0.05512543514567567
 0.05334709364154707
 0.05335033270749251
 0.06288237034336404
 0.06215804131405676
 0.05276584596119018
 0.03879588251348425
 0.05558968339539302
 0.06546227692343244
 0.101055541659031
 0.05351375991275646
 0.05418619750453114
 0.1187734166385726
 0.0548536316026577
 0.1256643688560926
 0.05387837506829637
 0.05429725775764421
 0.05383654613735947
 0.08217507773041736
 0.05564047537539558
 0.05827761577141025
 0.05383208151279448
 0.05258850444726547
 0.05408119081529234
 0.05010075548332568
 0.05311935617079815


