# Created by Octave 4.0.0, Fri Feb 14 09:36:18 2020 EET <li9i@spell>
# name: errors
# type: matrix
# rows: 98
# columns: 1
 0.01224077632021747
 0.008819761146371428
 0.02272478683484803
 0.008835475315814289
 0.01227900381857441
 0.008797129316669674
 0.02272453516193954
 0.008980693070029895
 0.008840825201508262
 0.01216595630601778
 0.0105828547749683
 0.02266852873050195
 0.01225676435423535
 0.02208274895365655
 0.02158593206863537
 0.01206982957583593
 0.02269020429558308
 0.008820096777997008
 0.02259753905678347
 0.01056309946135516
 0.009267031798749806
 0.012134332799705
 0.008928991095641974
 0.009009215497573761
 0.01224039762922461
 0.009240176724610916
 0.0122399681594682
 0.009236841953167343
 0.008979697737245529
 0.008881617565845004
 0.008840825201508262
 0.008857458924079242
 0.02250588443800422
 0.01196335094077058
 0.008849916018115821
 0.008859404297060608
 0.02163078496203364
 0.008751446614199368
 0.008780779295884181
 0.02102930769078438
 0.01206878087555767
 0.008880475157514448
 0.02209720110503585
 0.01223668958301373
 0.00872354992382844
 0.008849009548707239
 0.02089675401925086
 0.02229068120007467
 0.01216686625626305
 0.02263351982345704
 0.008779915242125052
 0.008859701149705388
 0.009124240636413539
 0.008798254423706107
 0.009816986074536157
 0.02210333644253828
 0.02036739256591656
 0.008942777261133624
 0.02142615806035086
 0.008817730284685715
 0.0225061919428726
 0.01144365706532675
 0.01860982860289997
 0.009002370800274514
 0.01216287190353654
 0.02040969797580534
 0.0208625293488085
 0.008901915850570525
 0.008727179766169551
 0.008882020520405189
 0.008877663161972913
 0.02259742650935116
 0.01069297586157589
 0.02168762212750924
 0.0087777195569535
 0.008828449465414192
 0.008773745657961587
 0.01179993718180575
 0.008933612169043878
 0.008900736544438025
 0.01149677195433571
 0.01156875789675224
 0.008866482572132588
 0.008960958992312184
 0.02155994035701795
 0.02250672771333942
 0.008843343683727529
 0.01219460821380073
 0.01079438147605796
 0.02199144903493955
 0.01225512275829954
 0.008653568186421146
 0.008825215788908993
 0.01229660718817633
 0.02263170203601954
 0.02188594688100939
 0.00979370330002893
 0.01130927418466851


