# Created by Octave 4.0.0, Mon Jun 29 12:53:42 2020 EEST <li9i@spell>
# name: errors
# type: matrix
# rows: 100
# columns: 1
 0.04004847063247342
 0.04745728711167516
 0.07899636953683367
 0.05683695980609776
 0.03898360681106982
 0.04567146264353744
 0.07075690496340332
 0.04719176305246481
 0.07160802748295736
 0.09511139837054221
 0.06979140634777331
 0.06065418369741798
 0.04004847063247342
 0.02855519042135727
 0.06991446559904578
 0.04440423515837258
 0.05963254899800916
 0.07255796372556281
 0.06456115008269248
 0.04888813762049074
 0.05614064926592808
 0.06255978021061248
 0.0590741982594772
 0.06134978076570494
 0.05072286368098748
 0.05301135350092488
 0.07039646937169469
 0.07934235943050949
 0.07858334683633668
 0.07472669134920951
 0.06150138941519937
 0.07418020288459672
 0.06961925308418691
 0.07664421961244088
 0.06254734206982708
 0.05573942590303628
 0.08600126975806868
 0.0914410854047579
 0.07459143650580877
 0.04560237822745716
 0.06746763965042768
 0.08948272961862629
 0.06936639027656054
 0.0474259433221947
 0.07903067822054946
 0.08813655597991073
 0.07498241460502598
 0.06071141655405495
 0.06866100858565977
 0.06226061435610891
 0.02748302930901267
 0.04071261352455848
 0.05831982595995915
 0.07776622724550809
 0.07909772436676041
 0.07063705897048635
 0.07984573626687899
 0.06807496162319808
 0.07007329305805528
 0.02676261571670472
 0.04456054420673105
 0.09307894498757592
 0.08789340134503909
 0.03884027420088665
 0.03901118942047265
 0.06470289328924911
 0.07863545065681231
 0.07036511919978583
 0.06752180462635721
 0.06465536017995688
 0.06702382337646849
 0.06099110508918528
 0.03927187797903254
 0.09100445044062437
 0.0579203599781626
 0.07996051275473391
 0.05968555604164207
 0.08883120003692467
 0.04765314784985449
 0.07401686902321594
 0.06125350928722404
 0.05949873948244625
 0.06043680087496477
 0.04349931148880378
 0.07226016606679013
 0.05008081868340451
 0.03826004312595538
 0.06801621571360789
 0.05149551533871688
 0.06615716136594718
 0.05129731376982694
 0.05670184829439037
 0.05547064539015237
 0.05039771423388295
 0.07453796951889752
 0.07789335080737111
 0.06665177867093984
 0.07028001138303941
 0.07255074362127613
 0.04484419806396424


