# Created by Octave 4.0.0, Mon Jun 29 12:07:51 2020 EEST <li9i@spell>
# name: errors
# type: matrix
# rows: 100
# columns: 1
 0.008209750300710117
 0.01348258135521431
 0.008572630868060564
 0.008905054744357106
 0.004850773134254741
 0.03424762765506089
 0.0370040538319781
 0.01096585609973059
 0.04118956178451129
 0.0167200478468257
 0.04495386523981658
 0.01686090151800948
 0.01059292216529599
 0.009570788891204286
 0.008185963596307874
 0.009102197536855434
 0.01640487732352986
 0.005953990258639318
 0.03395202497643013
 0.009585405573060271
 0.0516841368313356
 0.02049999999999841
 0.01576483428393874
 0.01721046193453522
 0.04892484031655159
 0.04257346591481787
 0.03352014319778767
 0.06285809414864758
 0.004000000000004889
 0.008500000000003638
 0.04651763106608121
 0.009167878707751605
 0.02130375553746424
 0.004632493928760588
 0.03528696643238179
 0.009484724561101473
 0.02164486082191534
 0.01129690223025773
 0.05270151800470419
 0.01049380769788058
 0.005100980297941577
 0.004328972164383581
 0.04456568186396313
 0.02333795192385137
 0.004527692569073222
 0.004622769732527477
 0.03740013368960129
 0.005333854141239457
 0.004638965401893515
 0.01926265817585893
 0.05020009960149719
 0.02768176294963988
 0.01724673882216791
 0.01731415605797711
 0.01576959099025655
 0.02036860329035588
 0.008237718130646504
 0.05520470994399121
 0.01916376789674192
 0.04193757265269305
 0.039268562489605
 0.036656513745853
 0.02030000000000035
 0.05979448135070548
 0.02244147945212169
 0.04303080292069857
 0.007733692520398838
 0.003847076812331583
 0.01574865073586273
 0.03177247236209275
 0.01999999999999886
 0.004071854614295688
 0.03040148022712075
 0.01556309737809151
 0.02216776939613119
 0.01521183749584518
 0.003269556544854675
 0.02554407954889215
 0.0499576820919493
 0.03750893226953042
 0.0242293210800515
 0.01320605921538008
 0.02424396832203716
 0.01728178231549064
 0.008080841540336335
 0.01298768647604232
 0.009507891459204032
 0.03980376866579454
 0.02064800232467732
 0.04067529963011816
 0.004999999999998295
 0.00860348766490193
 0.0112791843676753
 0.007240165743963014
 0.005360037313305115
 0.0337912710622126
 0.01916376789673665
 0.007523961722390843
 0.005943904440686223
 0.00832165848854426


