# Created by Octave 4.0.0, Mon Jun 29 12:53:30 2020 EEST <li9i@spell>
# name: errors
# type: matrix
# rows: 100
# columns: 1
 0.07222844938111203
 0.07400844276161787
 0.06667540851018447
 0.0784188172570849
 0.0726867422574409
 0.06700850393793316
 0.07303483347006218
 0.07183587195823506
 0.07914109488754996
 0.07305985286051228
 0.07845251366272323
 0.07114453527854118
 0.07207568868904511
 0.07343595849445775
 0.07271762922428103
 0.07117732012375839
 0.07732984482074293
 0.07512074547020796
 0.0724068705303568
 0.06755476963175884
 0.07805871187766027
 0.07180837277086659
 0.07787766046819776
 0.07865503416819537
 0.07753258927702436
 0.07296834998819571
 0.0704858631216211
 0.07701212177313198
 0.0720345361614812
 0.07241659754503789
 0.07839479829682633
 0.07336363199842015
 0.06583935069546169
 0.07757742197314935
 0.07217340230306507
 0.06574555574333407
 0.0639091613151026
 0.07693266926345403
 0.07616101364871725
 0.07825116995930458
 0.07727861541202538
 0.07693515711298501
 0.06600916603017933
 0.0713235697367982
 0.07199081955360649
 0.0762533697616033
 0.07200332006234043
 0.07269989064640864
 0.07409846489637875
 0.07138715290582719
 0.07207337996791738
 0.07788653606368434
 0.06649968496165951
 0.07686742092720225
 0.07274534280625605
 0.0678955079515558
 0.07146852524013358
 0.07196403337779014
 0.06424441143010073
 0.07564152298836925
 0.07289473300588832
 0.06986414244803969
 0.08406203423662714
 0.07279143150124143
 0.0781856764375653
 0.07159589094354629
 0.07289147343825395
 0.06985504205137712
 0.06422778915703069
 0.07138894102030162
 0.07243566869988848
 0.07277578168594132
 0.07307264604487777
 0.07670782489420515
 0.067113593257998
 0.07317651604169173
 0.07740590675135846
 0.07613808573900299
 0.06417696237747476
 0.07386891362406897
 0.07322800010924783
 0.07241193548027861
 0.07905760178502627
 0.07701138617113563
 0.07792265139226001
 0.06483767114880089
 0.07240098410933227
 0.07602315436759946
 0.07142911241223547
 0.07214983090763345
 0.06453033085301893
 0.07648955549615778
 0.07871714489232814
 0.07166069285179735
 0.0721071314087575
 0.06973515684358916
 0.07213709794550828
 0.07363510304195964
 0.070450201561101
 0.07385378866381956


