# Created by Octave 4.0.0, Mon Jun 29 12:07:33 2020 EEST <li9i@spell>
# name: errors
# type: matrix
# rows: 100
# columns: 1
 0.107215017604815
 0.1233496655852827
 0.1230003658531119
 0.1362728146036452
 0.1033790114094735
 0.1139537186756085
 0.1229823564581526
 0.1236427919451791
 0.103587885392064
 0.1189854612967446
 0.1196779846087019
 0.1307913223421204
 0.1179312511593089
 0.1151802934533548
 0.1238557225161633
 0.1196144640083344
 0.08704596486913568
 0.1175148075776017
 0.110301631900892
 0.128579508476273
 0.1354757542883608
 0.122517672194669
 0.1324477255372881
 0.1445351860274871
 0.1216865234937714
 0.1205827516687202
 0.1053574866822496
 0.124817707077161
 0.1099232914354404
 0.1258060809341111
 0.1235139668215744
 0.1287235798134944
 0.1215708024157101
 0.1298300427481971
 0.1025450632648854
 0.1255852300232869
 0.1084701802340198
 0.134786238169922
 0.125193130801968
 0.1080457773353433
 0.1213265428502795
 0.1312430569592137
 0.1267163762108079
 0.1344215756491481
 0.1237815010411474
 0.1234394183395254
 0.1178169767053955
 0.1132166065557498
 0.1227446536513942
 0.1300409550872337
 0.1043398294037318
 0.122065064617197
 0.09882277065534822
 0.1259654317660228
 0.1262969912547407
 0.1295800138910289
 0.1281053082428667
 0.1192280587781272
 0.1321191129246641
 0.1131595775884611
 0.1412405749067868
 0.1214039949919239
 0.1176209590166597
 0.1272827168157616
 0.1208997105041974
 0.1218192923965685
 0.1082842555499145
 0.1039155907455687
 0.106231821974397
 0.1028570367062999
 0.119973538749177
 0.1211351724314587
 0.1238902740331179
 0.1305289239977134
 0.1068232652562184
 0.1061279416553393
 0.1179864398988256
 0.1223863145944062
 0.1064481094242685
 0.1212541545679953
 0.1065270857575655
 0.125008199731057
 0.105467767588016
 0.1207001242749989
 0.1309986641153311
 0.1276808912876207
 0.1241581652570671
 0.1084171573137833
 0.127277845676295
 0.110032222553214
 0.1292415567841859
 0.1240245943351577
 0.1262230169184646
 0.1258744215478277
 0.1028593214055021
 0.1244813640670752
 0.1075416198501739
 0.1336482697231808
 0.1267566566299428
 0.1168036386419547


