# Created by Octave 4.0.0, Mon Jun 29 12:07:50 2020 EEST <li9i@spell>
# name: errors
# type: matrix
# rows: 19
# columns: 1
 0.1305334056860519
 0.1280090621792071
 0.1275453252769366
 0.1282162626190624
 0.1288463425945837
 0.1299607633095456
 0.1288254633215019
 0.1314361441917681
 0.1297583137991531
 0.1289112873258179
 0.1277854843086642
 0.1273670679571437
 0.1269344712834175
 0.1290228661904576
 0.1299157419252963
 0.128225153538611
 0.1303217556665055
 0.1279062156425596
 0.1313059404596751


