# Created by Octave 4.0.0, Mon Jun 29 12:07:32 2020 EEST <li9i@spell>
# name: errors
# type: matrix
# rows: 99
# columns: 1
 0.1037602043174595
 0.1148904260589212
 0.09963859693913434
 0.104722538166337
 0.110602215167688
 0.1045019138580779
 0.1167934929694345
 0.108623570186215
 0.1062161004744567
 0.1200976685868661
 0.1054324902485028
 0.1132809339650796
 0.1032728425095397
 0.1202134767819278
 0.1124359817851892
 0.1432174919484383
 0.1121167694860977
 0.1213494952605888
 0.08857273846957894
 0.1137252830288812
 0.1118304520244853
 0.1191606059064836
 0.1252209646984111
 0.111762068699535
 0.1120272288329982
 0.1029571755634364
 0.1121396450859319
 0.1088834698198035
 0.1051068979658392
 0.1167793217997112
 0.1109250647960117
 0.1139779803295387
 0.1135627579798907
 0.1017059486952505
 0.1331472117620197
 0.09703571507440206
 0.1053172825323539
 0.1222201292750044
 0.08807979336941983
 0.09275154985227776
 0.1174200153295907
 0.1032854781661021
 0.1105500791496821
 0.1180420687721107
 0.157561067526216
 0.1316937735809833
 0.104375092814333
 0.09626821905489022
 0.1057117779625336
 0.0972070470696418
 0.1458490315360421
 0.1202827502179768
 0.104593737862269
 0.1135997359151835
 0.101971809829974
 0.1129765462385866
 0.09545496320254553
 0.1479435365266118
 0.123207304978235
 0.1042888296990642
 0.1092985361292608
 0.1373788921195688
 0.1060311746610367
 0.122436105785841
 0.1190237371283575
 0.1067517212975933
 0.1153225043085749
 0.1009915838077552
 0.1203137564869479
 0.1244784720343297
 0.1168779277708122
 0.09010438391111268
 0.1018568603482379
 0.1189151378084358
 0.1032590916094021
 0.1237499494949377
 0.1123023152032054
 0.1476325844791732
 0.1069198297791385
 0.1242105470561952
 0.1200660651474838
 0.1137092784252912
 0.1216231063573066
 0.1501301102377593
 0.09868758787203455
 0.1138720773499744
 0.1211224586936674
 0.09546439126711212
 0.110594258440478
 0.1401642607799899
 0.1200666481584295
 0.1107748166326697
 0.1473575583402476
 0.1166012435611189
 0.1049004289790994
 0.1042067656152856
 0.1085121191388362
 0.1317234982833373
 0.113851306536202


