# Created by Octave 4.0.0, Mon Jun 29 12:53:41 2020 EEST <li9i@spell>
# name: errors
# type: matrix
# rows: 100
# columns: 1
 0.05710667649233267
 0.09181681980987981
 0.06861102608181913
 0.06300600050788817
 0.04085609991176326
 0.09153995029494014
 0.06353367925754125
 0.08137261763025767
 0.06777760397063264
 0.07386865099621133
 0.06368037452779317
 0.08168184375979728
 0.07867938484762099
 0.08637964401408499
 0.05947172773679954
 0.07769396630369717
 0.07359401062586619
 0.05996455286250375
 0.03985190208760392
 0.06957082721946108
 0.04927663137837232
 0.07903646247144328
 0.05775571313731751
 0.05492532111877041
 0.06976914862602267
 0.06418004440634138
 0.07896849055161197
 0.06359825154829372
 0.06567966504177646
 0.07011972903541483
 0.07772094248013325
 0.08361919875243994
 0.06540493024229849
 0.04352427024086689
 0.07450145032145397
 0.06306196635056725
 0.06772020082663698
 0.05145573340260545
 0.08827281801324754
 0.0596277821153862
 0.08217585350940985
 0.0783691291262069
 0.06957530380817514
 0.06985395407562917
 0.06498641088720086
 0.07350722753580199
 0.06760668901817339
 0.09025719306515166
 0.06547441943232479
 0.08178098801066247
 0.06793631135114821
 0.02103312625360369
 0.07006692586377715
 0.0872487042883736
 0.0683228548876577
 0.06972252433754909
 0.05648481565872484
 0.05999689658640752
 0.06576091620408057
 0.08053860937463443
 0.06632035961904853
 0.06550906502156711
 0.06738433720086663
 0.05592997854460618
 0.08035949788295148
 0.08683450005614193
 0.09301393927793934
 0.02168842087382184
 0.07098895759200889
 0.04400866278359343
 0.06728038644359907
 0.05690007117745995
 0.08951307390543566
 0.08141065286557962
 0.07246685380227315
 0.07024834802328132
 0.07850857023281033
 0.06492532710737861
 0.09342323105095383
 0.03418295042854062
 0.07858544458104173
 0.06635150412763946
 0.07577530204492712
 0.05228061686705736
 0.0696935786138152
 0.08548195189629247
 0.08403605714215832
 0.06683832433566848
 0.03841275959886287
 0.07661859369630879
 0.06587156063127722
 0.0623894069534248
 0.05602465974907967
 0.06881761693055116
 0.0533693694922465
 0.05952245374646521
 0.06862940769087295
 0.04786000417885482
 0.07926442833957792
 0.07928486866988001


