# Created by Octave 4.0.0, Mon Jun 29 12:07:47 2020 EEST <li9i@spell>
# name: errors
# type: matrix
# rows: 100
# columns: 1
 0.02705734650700144
 0.006313477647071832
 0.006090155991438811
 0.006313477647071832
 0.006020797289400939
 0.02291069619195553
 0.006579513659840715
 0.008100617260437398
 0.006313477647071832
 0.023937000647536
 0.006177378084593677
 0.008528774824093357
 0.006350590523727247
 0.008400000000001739
 0.007891767862783301
 0.006660330322143219
 0.006489992295835821
 0.008000000000002672
 0.008000000000002672
 0.008000624975590558
 0.006090155991438811
 0.005953990258645405
 0.005517245689655569
 0.005953990258645405
 0.00662872536767586
 0.006551335741664247
 0.02079663434308308
 0.006313477647071832
 0.007723341245859561
 0.006212889826804929
 0.006212889826804929
 0.006260990337000708
 0.006648308055442463
 0.006420280367715431
 0.005249761899365869
 0.006420280367715431
 0.006868041933482571
 0.006521502894275525
 0.00553624421427272
 0.00840535543567498
 0.00646606526413466
 0.008637129152676769
 0.006489992295835821
 0.005280151512980938
 0.006296824596576579
 0.008000624975590558
 0.005700877125500227
 0.008000624975590558
 0.005597320787668672
 0.006545991139623748
 0.005360037313303259
 0.009027181176868493
 0.006576473218985183
 0.02433474881727626
 0.007877182237326436
 0.008414867794566449
 0.008229823813426315
 0.02291069619195553
 0.005162363799656685
 0.005565968020035326
 0.006260990337000708
 0.007731752712031075
 0.006260990337000708
 0.008521150157114021
 0.008009993757802935
 0.00530754180389134
 0.008202438661766145
 0.006217716622690119
 0.008202438661766145
 0.006618912297352794
 0.006313477647071832
 0.008537564055401459
 0.01099317970380289
 0.006576473218985183
 0.008229823813426315
 0.006020797289400939
 0.006212889826804929
 0.006177378084593677
 0.00646606526413466
 0.005249761899365869
 0.01099317970380289
 0.006618912297352794
 0.00646606526413466
 0.005341348144434767
 0.006684309986831767
 0.006140032573209905
 0.006350590523727247
 0.008521150157114021
 0.02539173093745417
 0.006868041933482571
 0.006260990337000708
 0.006576473218985183
 0.006313477647071832
 0.008229823813426315
 0.008000624975590558
 0.008139410298055632
 0.00674166151627637
 0.02705734650700144
 0.008039900496899184
 0.007731752712031075


