# Created by Octave 4.0.0, Mon Jun 29 12:07:05 2020 EEST <li9i@spell>
# name: errors
# type: matrix
# rows: 94
# columns: 1
 0.07510805549340838
 0.07470107094279881
 0.07450328851802497
 0.07500326659553182
 0.07500326659553182
 0.077014609003745
 0.07707068184465278
 0.07690936223894584
 0.09458990432387908
 0.07673154501246766
 0.07532396696935036
 0.08080055692877011
 0.07731416429090288
 0.08369563907397248
 0.07631893605128751
 0.07480327532935589
 0.09618965640857462
 0.08311684546469232
 0.07621896089556722
 0.07521921297115045
 0.07863822225864191
 0.0756148794881093
 0.08245829248778511
 0.08318683790119849
 0.07550324496338408
 0.0796000628140448
 0.07700103895402788
 0.07555190268948066
 0.09701242188503384
 0.0754149189484434
 0.08232192903473891
 0.05328461316365219
 0.08184088220443139
 0.07490540701444677
 0.07752844639227645
 0.07590164688595794
 0.09597150618803617
 0.07482412712487482
 0.0951912285875119
 0.07723134078857315
 0.09707934898834002
 0.07610420487725694
 0.07521495861861049
 0.07490006675564401
 0.07718872974729014
 0.07532151087172756
 0.07691878834199999
 0.07631107390150198
 0.08202353320846854
 0.09446957182076812
 0.07693744212021458
 0.07470669314058183
 0.07673154501246766
 0.07656689885322086
 0.0813271172487984
 0.07520106382225782
 0.07764695744200534
 0.07713138142157321
 0.09689298220202272
 0.09788774182704828
 0.08263951839162245
 0.08074187265602124
 0.05390658586852801
 0.07510326224606304
 0.07530106240950248
 0.07420107815928753
 0.07754360063860884
 0.0753382373035085
 0.09655387097367787
 0.09396041719788853
 0.09444474575114864
 0.08256597362109476
 0.08340581514499677
 0.09301252603815932
 0.07530106240950252
 0.08150883387707668
 0.07541697421668597
 0.08229246624084129
 0.09641047660913053
 0.09670625626090204
 0.09733622141834102
 0.07572912253551893
 0.07550165561099163
 0.07561296185179683
 0.07644769453685969
 0.07685473310083683
 0.08259213037571618
 0.08268282772135853
 0.07662356034536545
 0.0751000665778728
 0.05367951192028447
 0.08330918316728506
 0.08210736873143291
 0.09621980045708611


