# Created by Octave 4.0.0, Mon Jun 29 12:51:42 2020 EEST <li9i@spell>
# name: errors
# type: matrix
# rows: 100
# columns: 1
 0.06113100686231027
 0.03506009127198546
 0.04809074755085531
 0.02578992051170248
 0.04236000472143509
 0.05372755345258141
 0.05446044436102133
 0.03985385803156145
 0.03268914192817141
 0.03378313188560247
 0.02710885464198086
 0.0460218426402083
 0.06619365528508145
 0.0009000000000014552
 0.01151216747619491
 0.03634116123626415
 0.0341142199090056
 0.03261242094662574
 0.0568254344462041
 0.03681222622988203
 0.03244595506376686
 0.02811921051523286
 0.001360147050873248
 0.03385291715642959
 0.02701481075262343
 0.05226939831297003
 0.02659793225045798
 0.06038708471188184
 0.03363004608977065
 0.05134861244474054
 0.03516475508232646
 0.06709813708293089
 0.05425605956941554
 0.01567322557739846
 0.04772525536862005
 0.03400529370553834
 0.04958407002253749
 0.04006756793218277
 0.02910292081561614
 0.02885134312297937
 0.04115786680575245
 0.01820357107822564
 0.04691407038405526
 0.04306564756276178
 0.03235119781399249
 0.03870142116253504
 0.04385430423573194
 0.03623989514333704
 0.02420020661068609
 0.03235567956325454
 0.0596705119803753
 0.03771962354001075
 0.06342846364212247
 0.0598319312741938
 0.03331816321468096
 0.03987580720185954
 0.007602631123499324
 0.04258368232081419
 0.04768070888734787
 0.05960075502877425
 0.05514027566126192
 0.04285288788401613
 0.04825940322880135
 0.03330660595137274
 0.03810839802458243
 0.04346998964803287
 0.02215513484499623
 0.05189470107824101
 0.03177955317495664
 0.03920114794237636
 0.0382167502543047
 0.03539519741433902
 0.03107169129609854
 0.06104506532063053
 0.04364871132118135
 0.02238079533886205
 0.02010994778710222
 0.02319310242291893
 0.05673526240355214
 0.03174476334767769
 0.06689962630687935
 0.02684864987294667
 0.02911391419922756
 0.04836713760395687
 0.04642003877637169
 0.03031171390733279
 0.03666115110031336
 0.02730018314956951
 0.03510697936308387
 0.04735060717667846
 0.04815080477001324
 0.02812205540141102
 0.02394263978762406
 0.04470178967334414
 0.03273912033026994
 0.02619637379486046
 0.02591061558512357
 0.02978892411618924
 0.006000833275471223
 0.04709819529451251


