# Created by Octave 4.0.0, Mon Jun 29 12:52:08 2020 EEST <li9i@spell>
# name: errors
# type: matrix
# rows: 100
# columns: 1
 0.03825742280917475
 0.03898834312971065
 0.04028405267596703
 0.03835384726464999
 0.04396924379608954
 0.03889761432273327
 0.04419460261163313
 0.03567747889075225
 0.04086673463833426
 0.06711676392675901
 0.04339882602098824
 0.0345212702547294
 0.04004715845100699
 0.07769025936370803
 0.04883625702283081
 0.03939352738712341
 0.07889604806326037
 0.03494544891684722
 0.04011219390659336
 0.04231668228961331
 0.04836631058908827
 0.03806210845447237
 0.04594945592713838
 0.04320708390993445
 0.04465999999999985
 0.0619986483723642
 0.04446083220093804
 0.04772088117376058
 0.04630016846621723
 0.04346189595496246
 0.04830944421125071
 0.04607508654359915
 0.0458427791478665
 0.03827532364330844
 0.04060103570107721
 0.04449769544594561
 0.04304331423113197
 0.03938591118661523
 0.03931946210211968
 0.07357900787588935
 0.03658149258846558
 0.04387458945676995
 0.04244893873820638
 0.04082134735649946
 0.04232544034029742
 0.0402166582400874
 0.04048959002015261
 0.03955609813922447
 0.03948566322097355
 0.04008980044849274
 0.03873496611590171
 0.04027181272304578
 0.0396931240896952
 0.03913972917637489
 0.04254159846550169
 0.04302931094033569
 0.04580229251904267
 0.04013228127081769
 0.07281377685575759
 0.04138818792844261
 0.03893238882986743
 0.04058315044448943
 0.03659973907010828
 0.03990613987847116
 0.04330729268841454
 0.04144525183902285
 0.03967752638459378
 0.03942989855427006
 0.04167640099624793
 0.03241822943962182
 0.04173380404420358
 0.07674894722405221
 0.04879778785969797
 0.04047027180536363
 0.04162078326990078
 0.04354655554690897
 0.04140823710326397
 0.04058377138709672
 0.04072159623590391
 0.07103635407310926
 0.03944672483236289
 0.04004423678883321
 0.03489573756205732
 0.03845638568560628
 0.04563572723207215
 0.04235158084416828
 0.04121710809845987
 0.04185473569382622
 0.04409330561434539
 0.03691812698390823
 0.04216074121739416
 0.04113655430392937
 0.04154572059791629
 0.04845292973598195
 0.04362009284721888
 0.04167244293295087
 0.04170427915694139
 0.04300280107155902
 0.03990575021221988
 0.03968963214745217


