# Created by Octave 4.0.0, Mon Jun 29 12:52:26 2020 EEST <li9i@spell>
# name: errors
# type: matrix
# rows: 100
# columns: 1
 0.2134971896770527
 0.2674015893744834
 0.2533781561224241
 0.175502848979724
 0.2556071399628733
 0.2071711369858264
 0.2640815404377967
 0.2617872609582064
 0.2086561046315216
 0.2660821677602607
 0.2613069650812992
 0.2830910101009921
 0.2597473580231357
 0.2357784765410102
 0.2331372986032032
 0.1908230856054894
 0.275723811086382
 0.2380090124344035
 0.1816457266219043
 0.2150164644858607
 0.1775033802495034
 0.2169791234197435
 0.2636821761135931
 0.2838449048336088
 0.1782316750748856
 0.2010261923232894
 0.2011043510220501
 0.2025979269390469
 0.2708573794453461
 0.1786180561981349
 0.1873769462874217
 0.2088507601135303
 0.1779811787802282
 0.1968106196321727
 0.258602590860956
 0.2624254941883515
 0.2096703364808682
 0.2081351964469249
 0.2961205328915923
 0.202902069974654
 0.2124318714317593
 0.2812160201695498
 0.2008725964386378
 0.2088043342462014
 0.2489482878029083
 0.2276131806376765
 0.2144491081818712
 0.2185985361341663
 0.2438453813382555
 0.2547835355748087
 0.2822257252625981
 0.2606654944560169
 0.2437780342852898
 0.2581620615040099
 0.2607999424846554
 0.2536530110209615
 0.2995567558910991
 0.2353000212494663
 0.2159186883991293
 0.2701349292483306
 0.289485008247403
 0.216057075792485
 0.2035700616495455
 0.2028926070609774
 0.2548289033842114
 0.2622068839676016
 0.2535093094937538
 0.2628833391449528
 0.2448000000000009
 0.1921136382457003
 0.2540776652915401
 0.2737738117497711
 0.1779200944244356
 0.158364453082123
 0.187662702740847
 0.2719988419092993
 0.2618492887139475
 0.1990379360825456
 0.1557359945548874
 0.2882453468835179
 0.2671544309945093
 0.2621245696229181
 0.1905547690297975
 0.1897773432209421
 0.2129565683419967
 0.269010501653745
 0.2078086138734397
 0.263956738879689
 0.2291204268501592
 0.2366010355006908
 0.2641409472232567
 0.2649398799727967
 0.2605579398137772
 0.205384152261073
 0.2087580657124412
 0.2503783536969597
 0.2585821532898188
 0.1805893130835812
 0.1855146355412406
 0.2265494427271896


