# Created by Octave 4.0.0, Thu Feb 13 16:40:32 2020 EET <li9i@spell>
# name: errors
# type: matrix
# rows: 99
# columns: 1
 0.00966562785747919
 0.008978975198818611
 0.01187901082397557
 0.0196568203516302
 0.01260205278283428
 0.0107540454721509
 0.008680947899302929
 0.008562600501679386
 0.01060011841407053
 0.01200455660660662
 0.01009860817380421
 0.01132229430991794
 0.01009482032363423
 0.01125997409409401
 0.01562263533877886
 0.01007318066059366
 0.009134293980146029
 0.01717960779824375
 0.01728794973241852
 0.009731273118098818
 0.01822911857071934
 0.009759891108909562
 0.01179417947890113
 0.009503207609327952
 0.009509397831736341
 0.008600871633878541
 0.008327900153763638
 0.01348374716690011
 0.00996310252035232
 0.02041453466022237
 0.01329696073998268
 0.008802367816038803
 0.01142404354074624
 0.01315321172811227
 0.01100580570898297
 0.01720625416277586
 0.0141944038914936
 0.009633099297331365
 0.008100091006555486
 0.01127631225768309
 0.01939250762142978
 0.009757082576004964
 0.008775048764199728
 0.01113559411241942
 0.009107196345578683
 0.01841153372081494
 0.009898526104822596
 0.008866581927998832
 0.008704652358937862
 0.00980717337886049
 0.01759524372386615
 0.008378371434804405
 0.009241377054550082
 0.009020898667450298
 0.02246416854469552
 0.009398119539016285
 0.01568634104074792
 0.01540361030496035
 0.009589714905176534
 0.01062370328614892
 0.01324483929312804
 0.0117659069463279
 0.01219543107029113
 0.009801871131607779
 0.01133262440860198
 0.009745105504161076
 0.01208213338058422
 0.01181900543055123
 0.008904626882472053
 0.02201131403514157
 0.01376415761396033
 0.01197191399050609
 0.01348901132807991
 0.01319248738324747
 0.008520133075168761
 0.009124941233022519
 0.01929522946431604
 0.01172929283384727
 0.007970448176529366
 0.009434750561942915
 0.01171289248225582
 0.01098415864306172
 0.01272591676995572
 0.01007193916882044
 0.01517255082813935
 0.009291564841251806
 0.009650673259019284
 0.01104113868216379
 0.008901960642677887
 0.009773512447273867
 0.01958695409060594
 0.009255580633381397
 0.009424720981005451
 0.01095979168946927
 0.009403427508841702
 0.01728800141750473
 0.01474164955101505
 0.01070039199432988
 0.01135489137554338


