# Created by Octave 4.0.0, Mon Jun 29 12:07:21 2020 EEST <li9i@spell>
# name: errors
# type: matrix
# rows: 40
# columns: 1
 0.2114050614342116
 0.2122039113682876
 0.2010982844282851
 0.2126437396209922
 0.2024099799911157
 0.2024738254688809
 0.213276463774138
 0.2045149627777973
 0.2135940074065818
 0.2032666475347221
 0.2027221250875256
 0.2123375849914492
 0.2129171904755469
 0.2124120523887571
 0.2047590046860095
 0.2047427898608474
 0.2018655493143898
 0.2111231157405576
 0.2048430618790922
 0.2054996836980557
 0.210981255091543
 0.2118277838245013
 0.2017029994819116
 0.2130203041965736
 0.2127846329037988
 0.2124536890712951
 0.2119490504814884
 0.2016696556252388
 0.2116666482939662
 0.2119370189466751
 0.204151144988219
 0.2106616481469784
 0.2122039113682876
 0.2116132793564799
 0.2118559888225988
 0.2016870099932089
 0.2132672736263114
 0.2126505349158553
 0.2115035933500993
 0.2126329466475102


