# Created by Octave 4.0.0, Mon Jun 29 12:07:43 2020 EEST <li9i@spell>
# name: errors
# type: matrix
# rows: 92
# columns: 1
 0.141998943658044
 0.9282093944795012
 0.9289313914385742
 0.1384596692181532
 0.1370262748526704
 0.9291308250187401
 0.9307331518754473
 0.930439595030223
 0.9291089548594378
 0.1379694169009925
 0.9312562375630082
 0.1399354494043589
 0.1376975308420613
 0.9293380493663239
 0.9288653131643995
 0.1381499547593159
 0.138960210132252
 0.1379241820711681
 0.1406049785747318
 0.1366759671632134
 0.1394151354767489
 0.1397990343314303
 0.1401640467452374
 0.1375210892917903
 0.1392749798061339
 0.1391285017528806
 0.1393595708948643
 0.1372052477130565
 0.9290480342802572
 0.1394521064738738
 0.9313456984385567
 0.9300697016890744
 0.1415459289418124
 0.1376265236064605
 0.1390836079486036
 0.1376633938271143
 0.9302056170546381
 0.1383874271745797
 0.1382349449307201
 0.1381455030031747
 0.1374306006681149
 0.9289257559137906
 0.9280724109680252
 0.1401202697685124
 0.1401568050434947
 0.1403960825664292
 0.1395485578571152
 0.9319014969405293
 0.9293459259070367
 0.141104571152033
 0.1385069312345051
 0.929664928885676
 0.1390620724712546
 0.1389908270354579
 0.9308832794717088
 0.1410064537530112
 0.1381292148678178
 0.1401161304061766
 0.1377419689128915
 0.1392696664747922
 0.9308049956892199
 0.9278146905497883
 0.1410965981163292
 0.1387709623804658
 0.1388098339455779
 0.1388098339455779
 0.1377999274310386
 0.1398992852018922
 0.1375181806162391
 0.1388643222717793
 0.1390460715014976
 0.9307511214067921
 0.1393134953979671
 0.9286408347687498
 0.1394033715517679
 0.1381079288093184
 0.9294851531896613
 0.1396653858334271
 0.9313010522919025
 0.9310203112714557
 0.9296749808400796
 0.9290008073193499
 0.930267273422004
 0.1391286095668304
 0.1383913653375834
 0.1392217296258004
 0.1382416001064838
 0.9303741720404759
 0.1376607424068316
 0.9292995319056189
 0.1384596692181532
 0.1389068752798079


