# Created by Octave 4.0.0, Mon Jun 29 12:07:25 2020 EEST <li9i@spell>
# name: errors
# type: matrix
# rows: 100
# columns: 1
 0.2592547010181397
 0.2753864375745562
 0.2746284763093573
 0.2753864375745562
 0.2736519322058678
 0.2582654642030215
 0.2522033504932189
 0.273876468503591
 0.2643270701233649
 0.2731585070979904
 0.2631438579940634
 0.2604572133767958
 0.2727278863629464
 0.2580731097964274
 0.2732939992023212
 0.2582524733666726
 0.2759832060108061
 0.2706277886692316
 0.2582654642030215
 0.2766638393429856
 0.2582654642030215
 0.2764403190563947
 0.273786267004027
 0.2746088126772365
 0.2725319797748549
 0.260707115361282
 0.2761496695634445
 0.2766638393429856
 0.2744656080458873
 0.2765942154131217
 0.2745995265837217
 0.2582654642030215
 0.2734228410356451
 0.273786267004027
 0.260985152834414
 0.2735481858832295
 0.2766638393429856
 0.2581009492427375
 0.2641754909146563
 0.2735163614850105
 0.2736062133797414
 0.2741893141608626
 0.2582672259501719
 0.2729353952861415
 0.2768030346654436
 0.2706277886692316
 0.2764066569386568
 0.2727555865605672
 0.2699696279213649
 0.2525475202808334
 0.2644205929953337
 0.2732939992023212
 0.2768755857781715
 0.2732676343806577
 0.2737404975519689
 0.2582654642030215
 0.2595153367336859
 0.2588011205539927
 0.2733826073472917
 0.2736555864586045
 0.2738313532085053
 0.260986532219583
 0.2765942154131217
 0.2764556383943011
 0.2524514210694805
 0.2591444577836869
 0.2916665390475917
 0.2732939992023212
 0.2733832840537255
 0.2724486924174988
 0.2608889802195578
 0.2644205929953337
 0.260707115361282
 0.2732939992023212
 0.2532091033118741
 0.274592425241486
 0.2641754909146563
 0.2729342961227104
 0.2753864375745562
 0.2735168916173294
 0.2723534468296769
 0.2766638393429856
 0.2767582519095014
 0.2732676343806577
 0.2612187014744627
 0.2533748211642238
 0.2746284763093573
 0.2595433104512673
 0.2729411841404697
 0.274592425241486
 0.2582654642030215
 0.2531175616191057
 0.2764403190563947
 0.2746365234268839
 0.2553407527207504
 0.25849940038615
 0.2725885544185647
 0.2582654642030215
 0.2768164915607531
 0.2735168916173294


