# Created by Octave 4.0.0, Mon Jun 29 12:57:16 2020 EEST <li9i@spell>
# name: errors
# type: matrix
# rows: 100
# columns: 1
 0.002094970166853139
 0.002094970166853139
 0.002094970166853139
 0.002094970166853139
 0.00210489904746121
 0.00210489904746121
 0.002094970166853139
 0.00210489904746121
 0.00210489904746121
 0.00210489904746121
 0.002094970166853139
 0.002094970166853139
 0.002094970166853139
 0.002094970166853139
 0.002094970166853139
 0.002094970166853139
 0.002094970166853139
 0.002094970166853139
 0.002094970166853139
 0.002094970166853139
 0.00210489904746121
 0.00210489904746121
 0.002103734774158402
 0.002094970166853139
 0.00210489904746121
 0.00210489904746121
 0.002094970166853139
 0.002094970166853139
 0.00210489904746121
 0.00210489904746121
 0.002094970166853139
 0.00210489904746121
 0.002094970166853139
 0.002094970166853139
 0.00210489904746121
 0.00210489904746121
 0.00210489904746121
 0.002094970166853139
 0.002093800372529545
 0.00210489904746121
 0.002094970166853139
 0.002094970166853139
 0.002094970166853139
 0.00210489904746121
 0.00210489904746121
 0.002094970166853139
 0.002094970166853139
 0.00210489904746121
 0.002094970166853139
 0.00210489904746121
 0.00210489904746121
 0.00210489904746121
 0.00210489904746121
 0.00210489904746121
 0.00210489904746121
 0.002093800372529545
 0.00210489904746121
 0.00210489904746121
 0.00210489904746121
 0.00210489904746121
 0.002094970166853139
 0.002094970166853139
 0.00210489904746121
 0.00210489904746121
 0.002094970166853139
 0.00210489904746121
 0.002094970166853139
 0.00210489904746121
 0.00210489904746121
 0.00210489904746121
 0.00210489904746121
 0.002094970166853139
 0.00210489904746121
 0.002094970166853139
 0.00210489904746121
 0.00210489904746121
 0.002094970166853139
 0.00210489904746121
 0.00210489904746121
 0.002094970166853139
 0.002094970166853139
 0.002094970166853139
 0.00210489904746121
 0.002094970166853139
 0.00210489904746121
 0.00210489904746121
 0.002094970166853139
 0.00210489904746121
 0.00210489904746121
 0.00210489904746121
 0.002094970166853139
 0.00210489904746121
 0.002094970166853139
 0.00210489904746121
 0.002094970166853139
 0.00210489904746121
 0.002094970166853139
 0.00210489904746121
 0.002094970166853139
 0.002094970166853139


