# Created by Octave 4.0.0, Mon Jun 29 12:53:16 2020 EEST <li9i@spell>
# name: errors
# type: matrix
# rows: 99
# columns: 1
 0.0696717460668248
 0.02264129192427119
 0.03017031819520727
 0.05262197449735211
 0.01395501701898032
 0.04676901752228759
 0.03702613266329658
 0.02881277667980035
 0.1215455441388133
 0.05496227433431127
 0.04303632419247791
 0.04936645520999065
 0.03608024528741482
 0.02403842964920952
 0.04616619759087803
 0.04228784458919726
 0.01844178407855377
 0.03818241741954155
 0.02435621070692314
 0.02684634984499767
 0.05219462137040609
 0.03084202976459339
 0.07286982159989197
 0.08681687451181376
 0.0434325983565345
 0.04371855898814719
 0.03898006926622938
 0.1951255352330903
 0.07280574290535176
 0.02676310893749064
 0.03528353865473273
 0.0240410066344985
 0.01901272205656097
 0.03379788454918477
 0.0557645774663454
 0.02199003638014333
 0.0249691529692142
 0.0643463231272785
 0.02642306757361953
 0.03549191598096806
 0.03602154494188228
 0.01582867334933645
 0.07555188482096394
 0.02166784022462924
 0.02974995126046351
 0.06388308226753063
 0.03206625172981797
 0.03690513514404317
 0.05068192971858992
 0.08871819261008515
 0.2090670423572304
 0.02813686905112334
 0.04383281191071502
 0.02220050675097381
 0.04867055886262307
 0.03416865376335503
 0.1094109848232809
 0.02418232825846324
 0.04392068874687753
 0.0267752460306161
 0.0959419037751504
 0.03203747337103868
 0.04421272441277543
 0.02876710621526023
 0.03023426202175404
 0.03702210825979596
 0.0406923199142062
 0.07075768226842957
 0.03377768050059101
 0.05965516406816753
 0.02260022123785579
 0.03385930891202664
 0.04019556194407634
 0.1458937873934336
 0.02554430856374998
 0.04834374933742862
 0.01304620251260935
 0.02515731702706095
 0.02685506469923318
 0.02940286380609874
 0.0359702376972964
 0.026423657960246
 0.02241745079173837
 0.03183292634992917
 0.02718501241493192
 0.03760307567207854
 0.04712932420478798
 0.02219603793473123
 0.03414521928469636
 0.02522033504932067
 0.02078247579091553
 0.02972518292626738
 0.01434100763545004
 0.03811094987008332
 0.03694023957691717
 0.03094903067949014
 0.1117562208559337
 0.02382007556663138
 0.03142712840843204


