# Created by Octave 4.0.0, Mon Jun 29 12:52:00 2020 EEST <li9i@spell>
# name: errors
# type: matrix
# rows: 99
# columns: 1
 0.1297661219271052
 0.1204644034559609
 0.1338573961348443
 0.1204290766384924
 0.1626979053337814
 0.1342693267280371
 0.139687937918777
 0.126803337495511
 0.1421603745774473
 0.1318097325693366
 0.1316929569111429
 0.1525973725199766
 0.1312598266797587
 0.1320256581123556
 0.1325478162777513
 0.1405349710926098
 0.1298714706931441
 0.1299944710362723
 0.1340934614364171
 0.1258514302660111
 0.1278254137485985
 0.1233792591969975
 0.1326835140475271
 0.1399451806958717
 0.1342955043923673
 0.1321728882940851
 0.1286997206679175
 0.130307559642562
 0.1292697184185085
 0.1412737541088247
 0.1251014632208603
 0.1276717917161055
 0.1344865703332509
 0.130014936065054
 0.1290177201007668
 0.1296361832205828
 0.1308929043149412
 0.1672073709499685
 0.1292354440546424
 0.136095388974059
 0.135046541606959
 0.1338555191241656
 0.1294152498741961
 0.1293748429950744
 0.1287076392449179
 0.1239946918218694
 0.1340753280808982
 0.1295120087096195
 0.1647042755972052
 0.1339539413380604
 0.1318443404170238
 0.1327608485209413
 0.1297607413665625
 0.1293161412972098
 0.1287181805340644
 0.1299769060256485
 0.1276363040047767
 0.1300335049131574
 0.1237395749144139
 0.124801232365712
 0.1237408598644788
 0.1279620646910656
 0.1097111247777568
 0.1354422124007131
 0.1330249811125727
 0.1324756660673949
 0.1295053516268733
 0.1280019300635735
 0.1264695018571691
 0.1318747602841417
 0.1299649429654021
 0.128382491407515
 0.1272003494492061
 0.1665932846785873
 0.1278778573483302
 0.1246786192576747
 0.1308335201697207
 0.1323343647734781
 0.1279539620332269
 0.1320190425658356
 0.1273170860489664
 0.1372815413666401
 0.134093101985152
 0.1332931134755308
 0.1262104151803663
 0.127202812861983
 0.1276001081504264
 0.1333440591102579
 0.1182928827106687
 0.1309949926523934
 0.1312734489529406
 0.1263181416107782
 0.1325225731715187
 0.1269456592404795
 0.1131594450322209
 0.1282336496400236
 0.1329833508376136
 0.1390523656756717
 0.1195130536803431


